-12.208609716779314 -3.125924843062906 1
-8.893636750398292 -4.337777970470454 1
-9.832782406461208 -5.452037680697957 1
-1.1994852412927202 5.584934606583109 0
-8.870534521867455 -4.655850499404231 1
-9.26958365214638 -4.091903174817884 1
-9.470592582231253 -4.9273677717685604 1
-10.562515530009549 -5.231283641850007 1
-9.436358296035865 -5.013941532893828 1
-2.940291522776504 6.978326950357628 0
-10.088077149544505 -4.348630560424514 1
-11.703289414977283 -4.838621743960686 1
-0.5538654111247121 5.062968965158836 0
-10.740291149202328 -3.2388150897667383 1
-10.540829676606059 -4.19765969514821 1
-10.959127002502747 -4.209440689431306 1
-12.11903444531983 -6.3064223454718515 1
-2.444076114386899 6.183567199922296 0
-0.6464273622354124 6.952011819070902 0
-10.67024008271364 -4.083396141401935 1
-1.9351509931202084 3.7528255425536847 0
-1.2123437206205627 4.458024285841874 0
-10.153990732147802 -3.7555016916606574 1
-9.438809914945505 -4.286817341584837 1
-8.893804774809157 -4.3370928892873355 1
-9.240299518839713 -5.170575173681982 1
-8.871732539559956 -3.576381176295251 1
-9.034078036185395 -4.629164422610331 1
-9.99835615898181 -3.5262508353255324 1
-3.7092704575560136 2.934044266117368 0
-11.862852010408655 -4.795392984724949 1
-9.987197021207336 -3.636679990329319 1
-9.394636975662563 -3.967674318970902 1
-12.376289293750759 -3.706636596862062 1
-10.000018632654514 -1.9638452347466293 1
-0.6792487963291893 2.5545264173043067 0
-8.022945211297783 -1.5370005973904117 1
-9.996256887397557 -3.238253530649336 1
-9.40276877517275 -4.768135726155544 1
-0.12434657205129662 2.2433421238706246 0
-3.105287099004685 3.9691028559755654 0
-2.0902875661837688 3.930139387884012 0
-11.095497037839218 -3.7035706850522687 1
-9.51017428055753 -4.378355572350399 1
-8.915420456037321 -4.318682049212051 1
-2.859204013871767 4.03968001030964 0
-1.0579490436939256 4.8873342989683906 0
-1.2045315362388058 4.165036045064979 0
-8.396536595772913 -2.5818507024617707 1
-0.0883343290202947 6.160755551639632 0
-1.051518329410982 5.2932342303988875 0
-8.954465906236223 -3.9983559689710235 1
-1.3500834153434793 4.229394467762006 0
-1.0010240187874178 4.577438531665293 0
-1.89976402626219 6.100519312134432 0
-1.941349775275125 4.268230461241792 0
-9.282201637337351 -4.084589885190965 1
-4.370906443483465 4.956049667851127 0
-0.6776547373778908 6.309644074716579 0
0.08042096399655252 5.89504758249249 0
-8.975987888832158 -2.8301489103864954 1
-2.80752901015597 4.64216314027162 0
-1.460901216532166 5.691622678205904 0
-10.335840359901821 -4.39145356451268 1
-2.323779555457568 4.186150572889897 0
-9.88790309311105 -4.227086130626323 1
-0.5984575090861028 4.624081312155237 0
-2.826968901262817 3.1606105828509024 0
-2.4530058093055827 6.350499658145347 0
-9.529986804162904 -3.7668116757554952 1
-2.9446335390525267 4.992667298339181 0
-10.451712459079442 -3.9908992361880204 1
-9.743181213605592 -3.623688717260065 1
-10.503577696422113 -4.34091605911752 1
-0.3013328042520458 3.94554232199357 0
-10.686771856768491 -3.659808489418631 1
-1.6239346676375468 4.684655823388873 0
-1.6982184452913984 4.524476782074991 0
-9.940973699491403 -4.807493942504233 1
-9.410833131153 -4.001333466746351 1
-11.006076223949876 -4.8394574763978655 1
-1.1183754140761164 3.2358752638589277 0
-1.662610628737838 4.342828051449957 0
-8.96589446289882 -5.614757349986808 1
-1.846073711731248 2.820510675001214 0
-9.133813412916144 -5.971540133290414 1
-9.859483345550867 -2.794447988431493 1
-1.4756337902695473 4.350331991471247 0
-2.2755526922105065 5.310588423369538 0
-9.314147272729377 -3.405411469093509 1
-10.005091950595103 -2.422342683897787 1
-10.243719479980781 -5.099308143809069 1
-2.1853057898217223 3.3319595572819716 0
-10.334843508896007 -3.364502219659328 1
-10.074174473246096 -5.363949492566409 1
-0.881975632297431 3.40510423694483 0
-8.409251566424704 -4.768142790637459 1
-2.746349984732812 2.895807332098162 0
-1.324639488942036 4.684600875918221 0
-2.504328570569634 3.7275785426927066 0
-9.383800051000089 -2.2685749994968036 1
-1.1205267235546796 5.314216657541851 0
-11.080380649739675 -3.489528360258463 1
-1.1695844753582367 5.491861080179637 0
-10.84049680877362 -2.6062694697840634 1
-1.6062117634336892 3.7376444399453406 0
-11.724562253692003 -4.789844084513806 1
-1.5719550514471674 5.036904089764112 0
-1.3540051364596088 5.53513460481552 0
-0.8663982752981214 5.142521096442568 0
-0.45531451072906237 4.354302160726552 0
-10.813746591695596 -2.9091917948895025 1
-9.598864456071368 -5.30527423861954 1
-11.57183350852038 -3.498853708615997 1
-0.9413585113574688 4.0354093868327965 0
-2.3071436522627446 4.3925204364702894 0
-9.15681904487684 -4.4974068805592164 1
-11.27537868341935 -4.130696846746168 1
-1.0228357644294908 6.814893361818198 0
-0.722342090326546 3.6378563900077148 0
-10.749847542378628 -3.9926256640240916 1
-1.9390893372523228 4.440735142871188 0
0.5983115920240198 5.395449352847393 0
-2.2255441149695585 5.082794856183243 0
-9.113046948073999 -3.9525053786607374 1
-1.7978507466515252 6.687439304911358 0
-11.304059305164346 -4.938882282008182 1
-1.5503038467539756 4.96089346201859 0
-1.3262613928369347 4.588854155154098 0
-1.3334048947222756 4.274770315283262 0
-3.9112261550133924 4.018449322238856 0
-10.287094880470596 -3.6026027998437584 1
-10.863862249126392 -3.8006911731403377 1
-2.0206556506194318 3.3563122194770196 0
-10.385009692706303 -1.966150666502868 1
-9.428743591955202 -5.362328030515036 1
-9.375069947790028 -3.33858116392049 1
-1.1868966175429816 6.260091724388187 0
-10.589844541468397 -1.29776426049732 1
-1.4909666646188824 4.280332394432975 0
-8.818589009638249 -3.613029831868337 1
-8.112148007485878 -2.643775912037896 1
-9.292082507272031 -3.0122108181508906 1
-10.169860227538573 -5.434862817555077 1
-2.3903889608094824 6.440478028498688 0
-0.5056137565639813 3.4597736538433637 0
-0.9886841205577205 3.917547149787637 0
-0.862813962845692 5.335644124031289 0
-1.2112893606815511 4.0299716312945915 0
-9.186633908859163 -3.650448864684536 1
-0.9054327042585735 3.623007472652947 0
-9.486215479032316 -3.0202239005887472 1
-9.528178469351548 -4.684282785920017 1
-11.046566452919839 -4.642873672262742 1
-0.8540911546814569 2.628473725367452 0
-0.2615299377315481 4.104816612193342 0
-8.09009568821252 -1.9674968386878189 1
-9.177327718515091 -4.457385020594428 1
-1.0400184685796479 3.6931368966960654 0
-7.64701138920754 -2.311213936702015 1
-0.8044996203421478 5.2259832950894545 0
-8.11906780692579 -4.150764555054215 1
-2.5088494622442545 4.991801294344096 0
-2.662756431440893 5.0216958215009075 0
-1.2522427353031857 5.949451962039877 0
-2.202509086764759 3.3596116998103853 0
-10.989186176264745 -3.5938010852516977 1
-2.111868132310401 5.397988834502415 0
-1.5898475711105446 4.974122212538752 0
-10.409489927733029 -2.5027741609991683 1
-9.610613526007423 -3.8434846078557285 1
-10.071047283865827 -3.648817826146343 1
-1.5188092995661653 5.668647474152853 0
-9.825896431273616 -3.2905472161142275 1
-1.5219130962897995 4.773027737268548 0
-0.4493308141873855 4.171042308113488 0
-10.770642482475425 -4.328976415549895 1
-9.975137835356776 -6.79926197485408 1
-10.635813362162963 -3.1870442552699365 1
-0.7294428170343169 4.605844600695412 0
-3.7006777521968965 3.1737650084731754 0
-2.706430691254686 4.294356182724975 0
-0.8027140374082555 3.7634625470578964 0
-11.531887966523312 -4.361770808228725 1
-9.172781145768376 -3.2706441021020347 1
-0.5462160213338718 2.609763826237444 0
-0.2810197238423049 4.431014747791302 0
-9.649329184408108 -5.851254693246062 1
-9.43408811051753 -2.968230569363768 1
-1.0303860087162982 2.8627409253707823 0
-0.7006381107247895 5.396128669007798 0
-1.3983207864913605 4.095016658853756 0
-1.1085718890368546 3.905509452050363 0
-3.101333092207613 4.737407230487568 0
-2.0512311078793286 3.0075693106509114 0
-3.5366844997872535 4.211388469223817 0
-8.435710486889475 -3.0716304981447333 1
-1.8395731527999295 4.6027737669037565 0
-9.421267622205464 -5.954893035334639 1
-1.1767891207278265 4.189842411196038 0
-10.741981375487715 -3.966271628172455 1
-1.3845906530611622 3.7901094134306175 0
-9.969668132155622 -4.851154834227463 1
-1.8204578758039658 1.8523559305636925 0
-8.880855006745179 -3.711425844899927 1
-10.959157833423463 -3.274547328698808 1
-7.395806788730072 -5.820978011538245 1
-10.966629022195631 -4.189935933743048 1
-10.781870606341846 -3.91813378668257 1
-1.7739032961284644 5.390922453854295 0
-10.149143111887458 -3.1213519772634575 1
-3.27344021623506 4.935591398992349 0
-9.217415337239672 -4.2253427275984246 1
-0.13555918232803732 3.7575511787775038 0
-10.486158168137038 -2.071409408542712 1
-10.581436923461332 -3.7644942900675935 1
-0.9478619562727174 3.2445881480816823 0
-1.6881564570370398 3.3090939453107104 0
-8.771010011712706 -4.705214211738447 1
-10.588761766958799 -4.8770820618448765 1
-10.492738321341552 -3.300842172484338 1
-8.400002378485214 -2.590496137580098 1
-10.060169776715867 -3.861391499283561 1
-11.501527849613677 -4.058462825896151 1
-8.0930391792001 -4.85342401297309 1
-9.89962919205961 -2.3207785944443367 1
-10.554855875897918 -3.292466879293095 1
-7.9158106789579605 -3.5394900152484183 1
-9.47202754907392 -4.614430437183559 1
-7.156281335415953 -4.637278157554441 1
-1.6228691371165924 5.93310332953242 0
-9.17218585886959 -4.246172626040255 1
-10.20248442412414 -6.026308698133054 1
-10.6268856517227 -5.570532434606899 1
-0.5977924889848656 2.856099075296972 0
-2.249980608518564 6.459111847602648 0
-10.870729838021148 -5.338394338872098 1
-9.847795946862286 -3.8454050226157634 1
-2.0113666664669156 4.806195655363184 0
-8.637698939392706 -4.264794858896781 1
-7.804442811877502 -3.60643316075373 1
-0.7710912259842344 3.503998130969576 0
-7.846278524648985 -3.233117059799061 1
-0.8965459416112634 4.015931930962469 0
-3.9388065179794434 3.760223647446119 0
-9.638901021263461 -5.613784952813653 1
-9.972754911180603 -5.808931752889731 1
-2.707061789878475 3.2098047764087383 0
-10.345253314600376 -2.649286789275225 1
-9.693360132085637 -4.279055292713331 1
-9.696789785520934 -4.181843355958685 1
-9.283508157845619 -4.144312756847525 1
-0.11061725372425424 4.523440594551184 0
-2.8152100420220867 5.608449764174757 0
-1.664049973352822 5.1397534760882735 0
1.1879874616413937 3.2534338046580817 0
-2.969680732899631 5.941871250757409 0
-9.323387514341379 -2.013966415251506 1
-10.635993187088177 -3.702705974116305 1
-9.784130448880097 -2.917528527701246 1
-10.109537576048183 -5.086150431864661 1
-0.3953666479114113 4.680329937708265 0
-9.21825385120984 -5.141183316069039 1
-0.12562290646228758 5.028586310338382 0
-11.719543202995848 -2.929243003637787 1
-10.693702741362511 -3.518683685098899 1
-10.51959535397236 -3.624760752200099 1
-0.8706558090300107 4.553905077112879 0
-0.8215929208846292 4.299461227616382 0
-10.69704618210543 -4.786769364879695 1
0.6868979185586603 4.455678383944377 0
-1.254677498986978 5.160695141385221 0
-11.124010863819265 -3.3092194225395857 1
-1.0264319375066302 2.989855901531196 0
-3.0029573700777177 2.9992702341444857 0
-11.211602733518875 -3.989627256565521 1
-10.631540828217549 -4.454029270395828 1
-11.361690167456594 -5.3228280858743 1
-0.6000151301427616 4.524061190714516 0
-2.145853820786725 4.152742894939386 0
-3.360187884460208 6.511887420667083 0
-9.967015472288347 -4.4196076687672186 1
-2.7418978350952425 4.120954129174383 0
-1.3078990049931072 6.1940414180965 0
0.45582141175101043 5.022718851467528 0
-1.859635618493044 4.6514959514162895 0
-9.384115933129968 -5.883087653271273 1
-10.359216110397416 -4.017206895625494 1
-10.414994326682088 -3.2116965681359226 1
0.3324588158066555 2.9560291580651983 0
-9.778412875763584 -3.3933919576554055 1
-9.888313028986852 -3.2048273829343827 1
-10.82341611244543 -3.501782907213567 1
-10.878323781816365 -5.222904028936799 1
-1.1187326116271856 1.4848286778075925 0
-9.990750242561845 -4.478975890270739 1
-0.7642206411369689 4.4436179707506565 0
-9.287616917485433 -2.9956573463046277 1
-3.1185876563425614 5.282487234357507 0
-9.679832991596173 -2.903828679675159 1
-9.059202702546381 -2.0235367580345467 1
-11.42914076749458 -4.984587896412197 1
-0.845593481425806 3.9674597508305243 0
-8.777132247348254 -4.4408573548251145 1
-7.852069024725381 -3.5931199878176403 1
-10.252261376859769 -1.8281528968440464 1
-1.924004713061107 3.0136757386775344 0
-8.950677450360327 -2.812543723506795 1
-0.3374696998687712 3.616913562921673 0
-2.4862391250152474 4.665758736538856 0
-8.962206778966141 -2.4489542994099542 1
-2.7086248944738456 5.5048057457353385 0
-10.245077438197173 -4.889169068220658 1
-10.306792628809468 -4.617673685076269 1
-1.4540266909409745 4.24009383135015 0
-2.0859343522037825 3.6836619485161393 0
-10.602059831142238 -2.297192575404578 1
-10.22536583391969 -3.23053822421063 1
-1.1269457421821782 4.284094073583579 0
-10.836700163032685 -1.2272822754708792 1
-9.977763621658493 -4.477979730753381 1
-9.018846720034986 -3.2187802077385896 1
-1.5744225398606972 8.0107864722285 0
-10.01841838314003 -5.6559151533472285 1
-1.5916066651515894 4.991338756024286 0
-9.554075325747489 -6.0136439619478 1
-11.585188398643808 -3.728891302946461 1
-2.100263669357 3.1191164095414594 0
-9.078966643423051 -5.055186136141835 1
-9.53498522823974 -3.377886292352514 1
-2.655421545225006 3.961837656756349 0
-11.215179674544235 -3.8166009347465915 1
-1.8930044556893968 4.195693896466664 0
-7.906621491188908 -2.5887379053455573 1
-2.531240396029389 3.481883389006782 0
-8.831857733204334 -2.6148522477501674 1
-10.759775547731909 -3.738728835509116 1
-2.2571659921360885 3.291603269466771 0
-10.862913918396318 -4.405316807978794 1
-9.75380234312622 -5.847370980526106 1
-0.9821496201635125 5.752738790436948 0
-9.311109799390644 -2.58579871580807 1
-8.963993785622776 -3.107130292554951 1
-10.296247672475955 -3.401667798820394 1
-11.164654082576314 -1.5366323194433087 1
-9.822356404289462 -3.4973093177071553 1
-9.801102036667196 -5.349879595763956 1
-2.659248181179781 3.2132351124595813 0
-9.873176100959242 -5.1125212431831555 1
-9.961514296406035 -4.305603159087905 1
-3.112108226058992 5.159789921982072 0
-8.353856877963002 -3.3072993204323375 1
-1.9630071161088263 3.9950828170447106 0
-8.776994529538266 -5.392744773591007 1
-7.7919428054972375 -6.131877802600032 1
-2.933183625683987 5.220744051408783 0
-3.2665016778090665 3.572052084496309 0
-11.578379532490647 -3.3236775213999703 1
-10.484055845796943 -5.350656223638193 1
-10.486005145304073 -5.027228459985649 1
-3.062040130232058 5.021740294688644 0
-8.634212300790425 -5.944440374308816 1
-12.179465551604485 -1.4883518398086406 1
-3.503281828193014 5.157018946203268 0
-2.1285940695994956 4.621086133510382 0
-8.551823174164605 -5.280770070052343 1
-9.259113342708407 -3.0200850935584436 1
-1.4687318246275127 4.566482786528011 0
-11.144536693502609 -1.762508173427162 1
-11.72667902431064 -2.969452938625989 1
-1.3007868771319884 4.275058571026782 0
-3.074713094264866 5.950766718369099 0
-1.010675095332168 4.213104726906729 0
-11.81519947925057 -3.758487352450289 1
-11.518618287436999 -3.4737592277324976 1
-7.5754388659833705 -4.949535261972765 1
-0.46910199149631016 3.2516040381634292 0
-2.0576354972894 6.294305203550679 0
-1.6422059602776231 4.59253697513292 0
-10.764175969313374 -5.624125748685595 1
-1.3256448947083923 3.4717047391295 0
-2.050298417618448 5.367889698611057 0
-2.3962908647206813 3.978751699410058 0
-10.173963917415039 -2.056568119315864 1
-9.335538747501333 -2.73725235198566 1
-1.8517749922585918 4.174409521965409 0
-1.8027510411928434 2.968745443369171 0
-1.9408423895558362 4.963363108918257 0
-10.619388742516797 -3.9012062089302906 1
-1.235288395543415 4.944545722989124 0
-0.6482071539510763 2.345261047497132 0
-9.491606004276639 -4.395504837578203 1
-10.807302942647729 -4.524806753675408 1
-10.375771389305225 -3.9913795758698964 1
-11.31148361209884 -5.180735120468116 1
-0.7128896493260842 4.934108924690123 0
-1.3317092824848697 4.203502146345458 0
-10.313398612953963 -4.317655883046589 1
-9.271405601315129 -4.7916126330413125 1
-0.6550359418348541 4.3208413482088766 0
-1.6253136486340092 3.064971717007865 0
-1.4400083955442224 6.039256662892905 0
-10.553929623491255 -3.288785189438557 1
-1.1583923897370412 4.154416823752731 0
-2.2900329745821146 3.4482737633571374 0
-1.1100183148400757 3.905711901316591 0
-3.3035849641372206 5.471003459163453 0
-10.18314263434516 -4.491019508904863 1
-7.618062516847223 -3.2086830866078095 1
-0.7508818951576071 1.9898742371188645 0
-11.245558338936867 -3.041591147144998 1
0.05538011410946986 4.678169487871039 0
-1.7813443506945357 4.222257951748321 0
-1.8943135377765008 3.2815409944371257 0
-10.040266276940136 -4.5230127826143365 1
-1.3596932144315477 5.335888091327426 0
-10.07640844994341 -1.7330849071253844 1
-2.7551294931973898 4.951407708821924 0
-3.464924104299019 4.4664669147293585 0
-9.684694607165024 -4.0926169462532505 1
-1.3692356358852267 3.636554684753083 0
-10.168993760176594 -3.3431043558369478 1
-10.315265537551133 -2.685665665337986 1
-10.073011398244978 -3.485547000143145 1
-10.710993398746426 -3.4517656430765364 1
-10.596091649608887 -1.4747053295757588 1
-7.743990213586127 -1.7101227876533915 1
-10.809594037252111 -3.165299944745095 1
-1.2524385100684219 4.033951168731954 0
-0.5674662951367195 3.4421278286281343 0
-10.125664559008282 -3.7529571150303993 1
-11.641776090812636 -4.1716223770559075 1
-10.273947819237456 -5.108712263316182 1
-11.971624557224308 -3.4653925762773103 1
-9.262608010036217 -5.056488374500184 1
-3.9402887519367846 4.606396467981529 0
-11.616581194383837 -5.029802608315499 1
-1.1455674568996432 4.657225519242259 0
-9.923836700741733 -5.198966535711458 1
-10.101472281595733 -4.237004963305908 1
-9.401385377251396 -3.5082836276655494 1
-2.338822428616173 5.353051105074308 0
-1.6854077096180868 3.592570168715544 0
-9.851074157006886 -4.8630110617232765 1
-8.423293031297492 -4.682388726058725 1
-0.8790355352589642 2.8214385504079162 0
-0.6817414432419945 5.403789124815058 0
-9.435217251075208 -4.214642960159564 1
-9.30354231700679 -5.630423503833849 1
-9.768951997054904 -4.772891434155689 1
-10.878688037217067 -3.8416813381274175 1
-3.734076554916048 3.78811213399723 0
-1.133058836560523 3.903945091288918 0
-9.51384207002287 -3.641470618235211 1
-0.30381155795509995 4.284223513157914 0
-1.8361686876804713 4.223600507319771 0
-1.6415369432557265 3.955890476696313 0
-2.208034194341 4.018771171922745 0
-0.8271126967332044 3.75178260267938 0
-0.2851809549529436 5.17621605741273 0
-3.497855369978188 5.1281193842859984 0
-10.032757810926858 -3.477679763297431 1
-10.643365559632237 -4.37519529620846 1
-11.187335165338062 -3.269836859480599 1
-10.374684141233583 -6.562488726345919 1
-9.44304107916205 -4.339467120928388 1
-1.507323212597358 6.525517813800543 0
-9.569820696713789 -4.027909954476483 1
-10.779408948962168 -2.290623891106266 1
-8.705033269096084 -5.34267895573708 1
-0.9028396744482421 2.783769849552378 0
-2.827489910665248 5.174192506879653 0
0.11324306619623647 4.655680451004515 0
-10.156457616627721 -2.891067804307969 1
-1.9066378941910405 5.514101743623225 0
-0.7651807865574377 6.1228224952810475 0
-2.3345771806141333 5.283301152472367 0
-10.681097863344636 -3.2731062585986472 1
-1.175337600972651 3.1717080638297803 0
-2.325684851764408 3.8551313052072755 0
-9.140990720272598 -1.8296439844456844 1
-0.5265499982502533 3.685316661775853 0
-2.580705500812617 3.4953132848265893 0
-1.699966491347538 3.8996266633593355 0
-2.494967849377101 3.660934692400456 0
-0.7591349746786052 4.55126898014848 0
-10.860150901845863 -3.990366830256941 1
-0.6828517901311136 4.832557804803138 0
-1.7860477063264524 3.1117130966244133 0
-11.53822286375425 -3.734715539256728 1
-1.9314919020190784 4.605247726279752 0
-2.3973111972512293 2.609136760529686 0
-10.915592213719021 -4.789488566134198 1
-2.886969317987714 2.412053614240638 0
-11.020556249138032 -2.4686657025985506 1
-10.015558657798454 -3.8514539730813686 1
-4.3265130794194775 3.472030283006073 0
-9.436064298166814 -2.06165099703529 1
-2.3853923105487898 5.606181984848645 0
-2.360886475847973 4.411675583247885 0
-10.23572163068579 -4.720072011165528 1
-1.8962509924245017 4.0945480765580795 0
-0.9886246545706495 5.477650145584281 0
-9.498776241245482 -3.686884999476652 1
-9.721711469016133 -5.94879712414516 1
-2.553588345305888 5.457415363707478 0
-11.993134210714285 -2.000806123857276 1
-1.4154406188108448 5.123168846050871 0
-2.6592251116900916 3.862437038824469 0
0.014284342666594618 4.7191788592271795 0
-9.80807707520582 -5.354892005369713 1
-8.551162556610032 -3.285250420844385 1
-0.6984149575756704 5.35899092977551 0
-0.645028000241261 5.168702563990024 0
-3.0195806854936613 4.484526450209925 0
-8.978830613960417 -4.36066141891554 1
-9.271494688209229 -4.050302684118375 1
-2.690828911878622 3.936816299002115 0
-2.474993697717472 4.176622366820777 0
-1.464024973154395 4.40246842862336 0
-2.244929363823865 5.3926170502494735 0
-9.260975349874176 -3.617242305331848 1
-2.2495300695308216 4.743509506275365 0
-9.91117286318117 -6.199836945301415 1
-1.548026045711541 2.804525536802336 0
-2.473803862387638 6.398876216339479 0
-11.509931629736606 -4.131587694396857 1
-10.55207252256129 -6.128176114184932 1
-11.6037903819965 -3.5619500408555016 1
-1.787821621815787 3.6915957161249784 0
-2.8226580333472997 4.387885635037512 0
-11.01358541692953 -4.8623634700585505 1
-0.19577481132306795 3.7882712813162147 0
-9.970273925145955 -3.3976766778858583 1
-1.1994064432801101 3.964338139524057 0
-11.620803393160845 -4.020266154813443 1
-1.0705959446145057 3.4387478616036775 0
-0.8643653754366035 4.329953011370692 0
-9.731654459800085 -3.592891520968716 1
-0.7106650010696656 3.8141177417705094 0
-10.419386671227961 -5.002783946850122 1
-9.70857482888818 -5.496718669868144 1
-0.6473361421202302 4.869493669557627 0
-2.6186754860860315 3.751389458541066 0
-10.214073817646522 -4.670664493124338 1
-0.1445391310273949 3.8398242285305444 0
-1.7660097262092709 4.057668655462221 0
-3.8101703876263335 4.914567700651551 0
-1.3254979962858957 4.386296653040643 0
-2.053104827616305 3.619021770703712 0
-11.813377068830516 -4.241982238432411 1
-9.525634927143447 -2.7743353142780594 1
-12.132977502048035 -3.0501006007997806 1
-1.7323550374735266 4.292678198310945 0
-10.694762766409266 -5.272175656717386 1
-10.99130737384889 -3.85026803406179 1
-9.345959120194246 -6.154008586333148 1
-0.8247825068024326 4.01332963405778 0
-12.005562703921335 -5.424919544878823 1
-10.116911346817924 -3.213569318895722 1
-9.321867715149 -3.574426787503402 1
-9.637800422081211 -3.825271448975524 1
-0.18891112585359493 2.83130414117363 0
-0.9675576200432988 2.697679611196091 0
-0.972250745732484 4.352741998855114 0
-2.4990847711748674 4.100315543567287 0
-2.958255951316987 5.3261207428749255 0
0.34033173780951076 5.5730994023316915 0
0.07141873854686831 5.938201740147747 0
-10.870418101839173 -3.6033908253781877 1
-1.8865228128180274 5.281852622348813 0
-1.5057012295451921 4.67094255725934 0
-1.6624446714628915 5.808388262947725 0
-1.6403267778335437 4.276924583344247 0
-8.158326825937399 -2.560974954326073 1
-9.730010018800774 -3.984013375168383 1
-9.562074687289396 -6.153789286605379 1
-10.898288935116021 -6.21643986114161 1
-10.917775887862401 -3.3967753780534355 1
-9.032701002774932 -3.9996896066834857 1
-10.232932847481374 -3.087093737020581 1
-8.915038671207965 -2.669202280065233 1
-1.8028268870393542 4.281482971679611 0
-9.123252822955306 -3.305728955603529 1
-0.625698926772948 2.7400676077526267 0
-9.763093719382868 -2.855502799759001 1
-0.979816034304543 5.862656742481258 0
-9.230065534294337 -4.560173093063527 1
-2.021796476611248 4.164108138550919 0
-1.6753106750712257 4.292845461476044 0
-1.0100938186229116 3.941159341607492 0
-1.3696520143290807 4.14712255341314 0
-10.65957883249263 -3.7493946178062663 1
-1.1868312768087819 5.065298805733928 0
-9.47164540679906 -3.7162929840810253 1
-10.320475577802172 -3.9835298583318597 1
-0.7188423507190184 3.244372055467635 0
-9.757923728194882 -4.000800725978209 1
-9.479429107180215 -3.226650854677072 1
-10.29835644648981 -3.4395476768656588 1
-10.208246077994737 -3.215226959366405 1
-2.6181525961895384 4.295830294917299 0
-0.6784447632675771 3.269363382845767 0
-2.523150454297984 5.164286725561489 0
-9.26397211292408 -3.2919816151926193 1
-1.5606780902096078 3.3046615311351095 0
-0.02281408829766729 4.5213627000898615 0
-9.440245230227193 -2.4546526910795254 1
-8.32732594273912 -4.757313486545122 1
-1.4590986470476803 6.611757762145945 0
-9.947438391424695 -3.4152573351566495 1
-9.099346343517052 -1.8998072689131038 1
0.35556729078468896 4.908279152683413 0
-9.888714438509997 -3.7961766421518504 1
-9.100959121028815 -3.2587149822399493 1
-9.19708071017899 -3.799527012677866 1
-0.8102733276695533 6.285732286209747 0
-10.461079229519866 -4.030153833925057 1
-1.8643701138682158 5.252152964286952 0
-3.3176740056127083 3.5364304910439355 0
-1.4646007845016902 5.075366453577763 0
-8.594663949749417 -2.2122676803938326 1
-9.793009108123691 -5.1582341079211265 1
-2.993543721153273 4.7036351793447135 0
-8.891888037915956 -3.9629928522270705 1
-10.544686951098699 -4.855466965439652 1
-9.90501607745455 -4.469527105583587 1
-0.4412044074550614 4.794457221037671 0
-3.649590200798809 4.500705442160045 0
-2.0804820073268924 5.271695768216089 0
-9.377529041297555 -4.736931342537523 1
-2.81793706953526 3.262461215456968 0
-8.858579380999055 -1.5992596133196653 1
-2.7480485668884125 4.978978839377248 0
-3.424268102358397 2.504148468388066 0
-10.143537937363522 -1.1686018839468888 1
-9.40051996783328 -3.3768747042421183 1
-8.212135158923282 -2.8988650587390925 1
-2.0092036713424966 3.109477373116293 0
-0.2707312215844475 4.610373635951627 0
-10.655495518497931 -3.055512109517293 1
-9.832740358806788 -4.357916607654236 1
-9.990088995467959 -2.1599630573984614 1
-11.761839568105845 -2.2743452468307472 1
-0.7136611592208871 3.6885756167101116 0
-10.315097930941418 -4.012506696470287 1
-8.754597741095203 -2.3203868828411576 1
-2.3981247174008065 3.4357547945674147 0
-2.5456669682832125 3.1744094671944625 0
-10.392961552353148 -3.1683459365222726 1
-8.165390639140696 -4.142934423486592 1
-1.5166502188687718 5.533067521739795 0
-1.1466158520841476 4.327139570171053 0
-2.946883644136186 5.154688960508197 0
-10.263902304108177 -4.354934400782374 1
-2.673812874592635 4.74111703876265 0
-9.392490518241866 -2.1529606994262114 1
-0.6853490603619584 6.468983298961655 0
0.045075302509221205 5.620755655556491 0
-10.786445163344835 -2.742524905503341 1
-2.5060470284996494 4.45800464583492 0
0.19290215204197847 4.414428283632342 0
-0.653587961769156 6.19848480239941 0
-11.219522441623496 -4.374860042634546 1
-8.909657589104366 -5.166850299184884 1
-6.597452147063105 -5.06044233506946 1
-12.116985307932648 -2.4422563747025747 1
-3.2910316464455285 3.689499632168835 0
-10.167291823929519 -5.896372636783272 1
-0.8405314138429586 3.7455761845866924 0
-0.7766552699003606 4.298458290390947 0
-1.9093989384883114 5.619542149235798 0
-8.680081288656154 -3.7001839744636915 1
-1.960264067113452 3.4920578367086024 0
-10.57663871052709 -4.587746386222168 1
0.4322550665128122 4.554421537109892 0
-9.045607807458179 -3.797364170615082 1
-11.360804890760996 -4.396146506499673 1
-0.9070413801759639 4.2051241832825434 0
-1.8244032620665034 3.0045270096772105 0
-10.899083828818076 -5.043427372478177 1
-1.5646606471811961 4.695563562366672 0
-11.944475778993377 -3.3561783224349604 1
-11.961066070399273 -3.052160662411414 1
-2.510206938124414 5.051885584274785 0
-11.460947318974046 -4.871616094087173 1
0.35622199480097283 2.9452112989864263 0
-4.083000345258234 4.749911696790997 0
-10.300554150560762 -4.299176511302849 1
-3.7986211929133544 2.3667712282928832 0
-1.2028116654725363 5.3624346519963995 0
-9.904139097090539 -3.842723285841796 1
-2.4784949361403736 3.611810766294161 0
-11.04783400959712 -3.379000406235473 1
-8.3386940277749 -3.946225360508949 1
-12.241890291798107 -6.216010528305972 1
-1.6909925766255318 3.6621063195205568 0
-10.023380827148287 -3.826057101319794 1
-0.07981194595061436 3.799141547684934 0
-1.4916630755051439 4.17274683892293 0
-1.9238178239615151 4.808340801253744 0
-2.547015106465974 5.782157061804195 0
-0.6446936932080094 5.155191371661594 0
-10.955274484062532 -4.798275489672054 1
-1.0741506325023327 3.9417016886895007 0
-10.830090150617785 -2.7662131111316373 1
-4.86601250539614 4.91033485855467 0
-10.40411570374667 -6.129839043719469 1
-10.162193411936386 -2.1299640916852387 1
-0.8181869170682158 4.822111947536117 0
-2.0026416848993644 7.375154652605794 0
-2.0019242769966628 4.374032880358818 0
-11.212383578002871 -2.2329747997938174 1
-11.02639493548601 -4.469510642665724 1
-10.40400528457415 -5.350518092876571 1
-10.442578362616468 -1.9355234710505225 1
-2.142263471038491 6.1972475624863765 0
-1.6475515062353325 5.90896930657793 0
-8.679058303061492 -3.2614690149702055 1
-11.444355355309089 -3.834115792482652 1
-9.123763540900846 -4.721248421630263 1
-10.69642550866525 -5.400718603650612 1
-8.3128208364706 -3.975893212468091 1
-11.634762424250582 -4.65706166492164 1
-2.8115719842166498 5.287056353432957 0
-3.9466962581403147 4.070571152358743 0
-2.1313730458785325 5.546003755231602 0
-1.38063538330852 4.133000507034513 0
-9.801553466646387 -2.9633913010765385 1
-9.284052990045595 -3.850020732374001 1
-11.175091883462976 -6.008608665375294 1
-3.1758794016495884 3.8768007127493878 0
-10.96870555145614 -2.768014157179893 1
-2.6180105075368183 5.5983883239190275 0
-11.509990875608185 -5.393687471496619 1
-0.846298656243091 3.1074669328652136 0
-1.140501172417022 2.8375864153047425 0
-1.92898450727947 5.629394589257044 0
-1.8981750407768816 3.6426399536373704 0
-7.632531789854195 -5.014278993498522 1
-1.570012774660416 4.630485601710698 0
-10.881229857232265 -3.637625382542227 1
-12.399477568012788 -5.493552717726415 1
-1.185363157865516 5.565872911461536 0
-10.176178869320317 -3.1453199837474077 1
-10.463079494973861 -4.285233400850835 1
-1.220279893483241 5.172405096313198 0
-2.168077128448359 5.362068239725579 0
-8.018498905076216 -2.006706185959044 1
-9.93965028247909 -3.527240574604437 1
-3.3901204704865027 2.9750494839457677 0
-0.42848825905173893 3.5438093600417266 0
-8.08880013461804 -3.4491113347377502 1
-10.852768779564679 -4.680890535307853 1
-10.560297948767797 -4.853828883576255 1
-9.646254278793158 -3.933646708386724 1
-2.4548834910218362 4.025711654137366 0
-2.2030194581760014 4.628496586284361 0
-9.932949410346657 -4.699704598450955 1
-8.196765839553397 -5.185600358684109 1
-10.620479273286298 -4.293361941930748 1
-1.51373708768554 3.1421834516899736 0
-11.599026134348073 -6.415736139816289 1
-9.988694462678904 -5.064927879450168 1
-1.8554581664512357 4.299656702687559 0
-1.1644489244568703 5.792928677211573 0
-9.501969791956878 -4.621920322763359 1
-11.712873810243224 -3.760820796070783 1
-8.949108385308746 -3.6050697798886837 1
-0.9747712883427397 4.163430796953791 0
-8.203044421488677 -4.2034428178890035 1
-0.6016145712804872 4.364085400565365 0
-2.8731411396027733 5.574455954059135 0
-2.0050640327566547 5.820950606747184 0
-10.48854419322316 -2.9397649504692636 1
-10.12922945449952 -4.386992602360465 1
-1.9567654172660478 3.0491155960874288 0
-1.0066662264276685 3.7766951112187717 0
-1.3443810699949006 4.036627530024967 0
-2.1268046588002316 3.1294052951319156 0
-10.032301486562647 -4.261814341013615 1
-9.79102445068218 -4.4477340227343936 1
-9.900286852839097 -3.325149300948019 1
-3.918155218912675 4.549605924481948 0
-2.158577942981373 4.084523769105428 0
-12.256099834546372 -4.101426900391708 1
-10.18977407066296 -2.7002202429319757 1
-9.937233769728394 -3.9478739082509926 1
-2.5310714407945767 3.3359940269671595 0
-9.400580203345184 -2.7491762816798793 1
-1.9851825181424825 1.8499102165306658 0
-9.656600523802902 -4.558098353324455 1
0.9951820861981986 4.145423352241928 0
-8.905552127435445 -4.04970095038917 1
-1.6545536825833915 4.988455035747361 0
0.5960272496584937 4.793120332328525 0
-4.492839734697869 3.1324848367230214 0
-1.8930946359049234 5.950158229860189 0
-0.9454865740765097 4.070698189999557 0
-10.313069131395514 -4.013211034225867 1
-0.5485247349162932 4.384377513455134 0
-1.501088218124394 5.004728724398064 0
-3.0885886685483035 4.0421294222759965 0
-1.228143321049495 4.607421979739027 0
-8.700995383145791 -4.061614598531833 1
-2.3930591011008664 1.9609966902948055 0
-2.316169007487807 3.7829546482259264 0
-1.7863058960633333 4.409543570359155 0
-8.664351179385088 -1.5795635128073684 1
-8.928578186977635 -3.7297943212352367 1
-9.821907586132783 -2.8763115221662314 1
-1.1382296156723266 4.48626602378702 0
-1.3906764966239569 4.189390468081873 0
-11.763496638210398 -4.656675665889528 1
-1.944350056824794 6.362548613105307 0
-3.1914909628848465 5.406665078196231 0
-2.0636337672229494 5.937503519383157 0
-9.655438871390343 -3.107947059342969 1
0.4820959730434362 6.083100361765896 0
-1.955382988467413 6.56566316820137 0
-8.286052973559993 -4.441660069699418 1
0.05371618336381756 5.310425671912513 0
-9.488970397889224 -4.8891939460345695 1
-4.407714505055852 2.5010264268975355 0
-9.753867348345759 -3.7209325352585774 1
-2.091781027296426 5.7489443558269695 0
-1.1042361730840868 2.0575490321750673 0
-11.472857523690127 -2.771955359315612 1
-0.48207131230107225 4.835835433676831 0
-2.489899857412446 5.691398191401277 0
-2.4742494711189797 3.350612785789389 0
-1.2914866283512068 3.028592287043858 0
-0.9781376196274668 3.791353934100866 0
-12.143439085759 -1.913246959126834 1
-0.6140707674674897 3.746604188450631 0
-2.0367452064447953 4.937140866733725 0
-9.561646395752582 -3.5417929243770105 1
-10.0834998854829 -6.049931363227153 1
-10.242825604925867 -3.860822857678119 1
-9.351633237940453 -3.880057539329194 1
-9.705728727315208 -3.987463616914491 1
-9.20731296508091 -4.1797823768827485 1
-1.9565666351651063 4.126846640308505 0
-7.983827636379763 -3.5970210211757108 1
-1.856567572515307 4.250101578241463 0
-9.592177426609373 -3.312695208880214 1
-8.366687515706044 -5.032291371563768 1
-10.393130983142152 -3.591811715399218 1
-11.205653604583748 -4.6081057191537775 1
-2.668886684930555 2.8752491854303495 0
-2.532291979293192 3.8143040875124967 0
-0.011316620540716027 4.02026605740898 0
-10.473890778512462 -4.815299187371826 1
-9.193175003431309 -5.082581354726693 1
-1.699154559858968 4.454015565999908 0
-8.868841027223956 -2.660095735599624 1
-1.290887164612006 4.334280882610591 0
0.6167740176041443 5.191851364647885 0
-1.0074230700675608 5.410417658174093 0
-1.1528320568481543 3.245785897954046 0
-0.1817787815577372 4.316175680095367 0
-9.433977832388479 -3.632110723989022 1
-8.873337670254543 -4.477272878396468 1
-1.7544214919404255 3.8932804686448703 0
-1.246082788136735 4.166942143607683 0
-8.743480770326892 -3.2218749463941365 1
-0.5623157757909272 5.045430302252254 0
-11.25762990721842 -3.1303618225821337 1
-9.694390177270199 -3.026620896690747 1
-0.625360650643348 5.5313049180813465 0
-1.2213928007249137 5.230499052409531 0
-8.866316522342478 -3.9827962372316423 1
-2.587870729040404 3.039500296828025 0
-3.524542020197564 5.363126424893879 0
-2.8667688334967187 4.85339357743475 0
-8.957177024067665 -2.6231386547451137 1
-10.863781477307235 -3.4022550548506296 1
-9.830884875454172 -3.6934873217916717 1
-2.1307348402537234 3.700419428117235 0
-10.605862110005582 -5.15086094835579 1
-2.5374118600035236 4.519464553920102 0
-0.4018375221412058 6.196313748784188 0
-2.6703555985475136 3.0919345648154684 0
-8.201656264119668 -4.869287873358828 1
-10.879344683846805 -3.5993575928654074 1
-8.131092227372054 -2.1020323496361537 1
-10.418245236088149 -4.255620581011702 1
-2.8011552601491427 5.5967840000355435 0
-9.550441228864043 -3.1188821977910273 1
-1.050213287715129 3.3845589043314597 0
-1.542655776246401 4.385991182606874 0
-2.3383754840717135 2.8850487428950142 0
-3.261896853330253 3.606300823335773 0
-1.061979080332502 4.613671660178341 0
-9.285641110188566 -2.972625507752125 1
-2.640170294356346 3.8468185264553822 0
-3.1392296462443205 5.593751491098749 0
-10.145102048268358 -3.804624790890852 1
-1.5258795385978265 4.33199271019726 0
-10.445335452482132 -2.3638350199315923 1
-9.589771248278666 -3.9213004832486984 1
-9.40622476579121 -4.824445855699853 1
-9.669573231725936 -2.510202628391686 1
-1.129253466041817 4.126135480534151 0
-9.589615212363666 -3.8657893952778917 1
-1.8609872359282151 3.4744794565540835 0
-9.27493820827247 -4.71250117401004 1
-11.953085022627976 -4.4577501580506915 1
-9.006897046358766 -4.400188340149878 1
-3.7523532789674086 4.345924023043607 0
-2.5837584237171782 4.386539321218479 0
-1.975537157957889 4.670364982533753 0
-8.321698850378636 -4.3155713737876855 1
-0.4236550373830459 3.7333266628853776 0
-2.3922603010815866 3.799247865972387 0
-3.296083808406478 3.5144951536076108 0
0.5067848047750383 5.7448917698794055 0
-9.381002305584898 -3.110695532562997 1
-12.39777584097622 -2.470437565901689 1
-0.7395500501656436 4.5359081055945945 0
-9.606996431654 -2.2810467975070354 1
-3.6263789324655864 5.373135742800866 0
-11.090965742530539 -5.001692334947657 1
-10.841356898394316 -3.6771560353688204 1
-2.123900649437351 4.7461935901246655 0
-2.3173392795950716 3.0220412318683865 0
-11.096441254751763 -4.810915355807426 1
-3.1724797314549518 5.700355593213019 0
-10.142690892816494 -3.690803724177069 1
-9.991645192362544 -3.8353665094257168 1
-1.5424535334817153 3.071763759599289 0
-3.048125025857882 5.039496021244873 0
-3.9496392713845667 5.038868252758626 0
-0.7817549505425373 6.02701693518787 0
-1.2410315983790103 4.204885987380565 0
-7.992707377522894 -2.3209245989465797 1
-1.5020428132843255 4.89320090666141 0
-10.974914588440823 -4.145975747158409 1
-2.1302991680072307 5.133813226059401 0
-8.735550185096184 -5.288815804698561 1
-11.890972122460523 -4.626413637264585 1
-1.98107411920831 5.27586324358077 0
-12.15613795844788 -4.888812624353944 1
-11.236528636565186 -2.9138936250229177 1
-1.3442935458123217 3.95541441124782 0
-8.170386988565713 -4.131260102242106 1
-1.7999384717998315 5.230518519456496 0
-2.285450557265565 5.311194125251426 0
-2.8412852895112284 4.046790379415164 0
-10.830219425087725 -2.94121477746884 1
-2.543207710823833 1.0954645461425603 0
-10.408730692195515 -3.9403751295831273 1
-2.128517888922876 4.193435939030293 0
-1.2287808732818328 5.309354389229919 0
-1.1842106026003383 6.037733351483373 0
-8.711518138608751 -2.7891737254139803 1
-8.824604289016989 -4.17499162191405 1
-10.291812764307371 -4.779526255722522 1
-0.9911473260631571 5.88620592767537 0
-3.31233700233894 4.512112957406874 0
-10.213674113599147 -3.9368118394273215 1
-1.697655258929907 3.532474753770038 0
-8.00689600355509 -3.2385333024609393 1
-1.4694692243727552 5.569024092339677 0
-3.0131464473971863 4.52176196226113 0
-9.557593860150662 -3.107788806680382 1
-1.1395880157716611 4.223051551113535 0
-9.358939358126971 -4.322625017292961 1
-1.984397123267096 3.1111330587376216 0
-9.483688046661307 -3.2793954022837264 1
-12.107526628947 -3.2045860920677764 1
-1.5836954118348407 5.466766570538098 0
-0.9462937037513734 5.905414167736874 0
-7.131777261435753 -4.073213468766271 1
-2.7943061330163017 5.168237573548774 0
-2.2388241619500815 4.074026644128429 0
-0.39522600337676983 2.3662354859250936 0
-1.3342523094106569 5.51037667508435 0
-2.8537295377863376 3.56326356938201 0
-9.33003530167065 -3.504589303333148 1
-11.800241803371136 -4.643286075456689 1
-1.1546714870200923 4.521274150943869 0
-7.991714021285604 -2.97392421526815 1
-1.6778876053765064 5.174462511824481 0
-0.3221161792818039 6.471946705560633 0
-3.358793734138994 6.361133226234525 0
-3.194033690906731 3.8643245647648383 0
-2.1680513025500927 8.333751217732981 0
-9.251945507054947 -3.339169177625411 1
-2.899718237358934 3.9235632591868512 0
-1.6067269654940275 5.089329243808125 0
-0.217560828066103 3.8526994390278104 0
-12.151132435458653 -3.7308445418478553 1
-4.456892142173766 3.958739820327963 0
-1.1332213144556382 3.580766959613031 0
-0.9792388530199554 2.9872580142596035 0
-3.025057378020798 4.9327040793906445 0
-8.878262815762088 -4.677028464093605 1
-9.70672967806389 -3.7955542249360694 1
-2.095149152301167 4.881033208030446 0
-9.686524348284179 -3.9533406595308946 1
-12.17715962959714 -5.254663986080253 1
-3.968570796465759 5.383154716104446 0
-1.939836716380751 5.151104899309865 0
-0.06205415868329611 5.321300563776906 0
-10.690005277199642 -4.536683518593484 1
-11.67029582808137 -3.2018786739409792 1
-2.8092173439766137 4.584341423554763 0
-9.687045168517184 -3.0772743879950477 1
-3.802771794252584 4.877625243454982 0
-9.654558788576697 -4.308800558761868 1
-0.5244122632763728 6.217101174792643 0
-1.4860887900928028 5.431600981828493 0
-2.0983240546195208 3.464766303106238 0
-1.9122954327881052 3.508034906828938 0
-8.915889150966466 -3.4875547480775055 1
-9.762240279413607 -5.548081886419585 1
-3.135048827228603 4.794843366249539 0
-9.802506972032312 -3.3620378413389704 1
-0.18164290569522934 4.542046527539423 0
-8.990663819516051 -3.2576525124600373 1
-0.20218740592210582 4.643999613528476 0
-2.55993157192528 3.425598933537815 0
-7.6082718290531925 -4.0694176113137575 1
0.19293940580466695 2.94963803762348 0
-11.272548176799122 -3.099424013602173 1
-10.920939240011604 -4.6241386708216785 1
-3.2943485417068024 3.7634256341445997 0
-2.9957465989568135 4.735714975329765 0
-8.79670732158642 -4.48836217330588 1
-2.1610198033380765 4.433789862738102 0
-8.248653904663579 -1.8487531133925352 1
-7.642694114432443 -3.723684837625832 1
-1.580940003165419 2.530207694874391 0
-1.269306100176061 6.352149828166009 0
-1.809915438206119 5.4911228367404 0
-8.862152287117388 -2.9025233253000184 1
-2.064847404153702 2.5748988755615745 0
-10.460835225324708 -3.722113160997001 1
-3.7467809139128723 5.310842810004185 0
-0.2843687049817334 3.1937581021673287 0
-10.752054508400308 -3.8751475976940077 1
-1.0897823466538876 2.3504123289642003 0
-1.6096485526751638 4.651433582252006 0
-1.623790750266975 4.415266989738519 0
-9.388525976704875 -4.860051473707154 1
-10.9472155743338 -2.243697903944514 1
-1.830902661128008 4.695501182464742 0
-11.154894117571779 -4.089770714530484 1
-9.600991222790244 -2.661534235305946 1
0.34811227791543153 4.269630839947055 0
-10.98741246129135 -5.554897775641215 1
-1.3565123544878739 4.467712620724449 0
-1.3720414607486222 4.227902128023021 0
-1.411770425864712 5.543443593992832 0
-4.876908329858876 4.527628697793741 0
-7.806138074110319 -4.467045705539409 1
-2.6075332355774905 5.01707461624669 0
-11.041392680620161 -5.34954176023229 1
-10.227609129804447 -4.216681394127611 1
-3.1574430974950785 6.2628478145697395 0
-11.273699192690788 -4.532237849030121 1
-8.450457704958717 -2.6564787110918724 1
-7.803484540751137 -3.4521450546884878 1
-9.728857498216055 -4.704342295173233 1
-9.353308071786492 -4.039714087411882 1
-2.2546743382413053 3.6925488780278855 0
-9.822974854822943 -4.5393609584129955 1
-10.945537722952034 -5.5446943039342695 1
-0.7586478812528845 2.9797531856861355 0
-1.052228842379077 3.465552910784353 0
-9.524801925922835 -4.079872551431474 1
-1.7997230087828833 6.492383235332682 0
-9.562766944491583 -4.743699264860399 1
-2.1626748596739036 4.7741653856128545 0
-2.2436412729956 1.675815969274412 0
-0.278872079054592 4.387319456910412 0
-2.363755306552002 4.802931844480127 0
-3.7940980305483083 3.93575213043696 0
-9.354421092612327 -5.174101053468529 1
-10.785602062227428 -4.717786862534468 1
-9.294640172945812 -3.5825586301641232 1
-7.884213013262594 -3.849888401144392 1
-1.4693323619957583 3.575379415089599 0
-1.404756992812635 4.618411556660866 0
-8.159167679986822 -4.786750664278545 1
-9.421905018805164 -4.236027555189153 1
-10.318817513425971 -5.84212893079815 1
-10.84237047655171 -2.7105078747547786 1
-0.9315253690051157 3.6105191738591174 0
-1.7864936819591728 4.132901248689692 0
-3.281663126386335 4.909172256568455 0
-2.1058844304918853 6.147809175641484 0
-1.6929679372822506 4.524601998378067 0
-0.29080568191803713 4.55201512191762 0
-10.049907397966528 -3.8695695631021607 1
0.18870178182302833 4.342804752479611 0
-2.7345491880910284 5.002642845481597 0
-9.62230415295141 -2.970574894000666 1
-10.113890353726992 -6.653519592859384 1
-10.290327918695542 -4.606461309419429 1
-2.528628061085173 5.418589696157218 0
0.08323238001684463 5.185636237449364 0
-9.337953702266908 -3.389273335108892 1
-10.804278903845939 -5.0666360571297755 1
-2.346075655427447 4.783923987777014 0
-8.109641827084003 -3.7564946410217304 1
-0.5687940739961348 6.702818498166132 0
-1.0271246616381091 4.847786182672574 0
-11.508866580649377 -4.891639195769573 1
-10.071505860191198 -4.208163639901424 1
-9.408304152428816 -2.3127951633701067 1
-2.5875197904505294 4.72026663886502 0
-1.2739665013704615 5.701034020838211 0
-9.85588422344404 -2.936295455319782 1
-10.210009526158748 -3.222462059407427 1
-9.360294504765195 -3.36820022193876 1
-3.701859212491161 3.44529428219987 0
-3.0494925877385013 4.633639474344659 0
-10.555795500168987 -3.3710922929990823 1
-1.2177669461027896 6.104123807742765 0
-8.569316868740492 -3.547654894953803 1
-11.464205707138586 -3.3813864253774497 1
-10.825268343351716 -4.372101017591172 1
-12.429247155911394 -3.1829934341262813 1
-1.4513451998154112 4.531448946940993 0
-11.478182198523662 -3.9212969950775274 1
-9.76859877355505 -1.6691046002307695 1
-1.4498123729962606 5.385847353215658 0
-12.472420656812472 -4.898125415108618 1
-1.8280168744283483 2.976963126687388 0
-1.045680964947222 4.746977824464004 0
-3.610440863617609 5.704462100818623 0
-12.87381132956508 -3.417517820295223 1
-11.573750931494546 -2.877571563857371 1
-8.360399624505543 -2.451229363062794 1
-0.8633875021918594 4.830400149774658 0
-1.112707097126894 4.467780347004308 0
-1.7713430335818363 1.4759436418146228 0
-10.493517810561984 -4.361010834478524 1
-10.600475882677898 -3.629531422188984 1
-2.465235223596841 5.114789111146965 0
-0.4006961320519371 4.600904107201303 0
-9.78874414240246 -3.734126059073467 1
-0.30807662608524744 2.80374078450092 0
-10.999555201000858 -3.8133717324030143 1
-0.8573164148980031 6.178107853156124 0
-2.7833626121244035 4.287019226313725 0
-1.933821921377857 5.312916437727447 0
-10.655679223704336 -2.9094409159827177 1
-0.41936424110192805 6.129682863836055 0
-0.6216237316184223 5.500001484939162 0
-10.109845821945957 -4.714812585310158 1
-11.387492623879105 -4.395104353143787 1
-8.68012131246554 -3.9755075577295034 1
-9.661150133665371 -3.3843029627447967 1
-10.385270974897097 -3.873190877827313 1
-2.1412736302676763 5.165453686413427 0
-8.133368224113461 -5.270612039960463 1
-8.086950763132778 -3.598430789990347 1
-8.973749279459097 -2.993858840425619 1
-9.827497146286468 -3.207253789757857 1
-10.31621290952151 -3.589542458511243 1
-10.071279825448968 -4.659728204182576 1
-11.36977339651891 -4.650877893636868 1
-9.439045295790809 -2.7748654417068304 1
-1.8849464402858433 5.478800401247008 0
-11.89057065659886 -4.763833549540252 1
-10.053980603922522 -3.6805443219551024 1
-2.1460647721766675 4.718295104988337 0
-2.3105607920940554 5.139423504618992 0
-12.939352831004902 -4.088480591388627 1
-11.013885548679657 -2.6920793670199696 1
-8.762312950881336 -4.999237510586985 1
-9.498604960507608 -2.1150906522717943 1
-2.563942084763364 5.114936970815532 0
-8.03523984440156 -2.9135713280528455 1
-11.276450856950238 -3.8927718501566257 1
-9.16450248190445 -3.994269441521637 1
-2.4057484651633416 5.594174899289372 0
-1.7001901906778731 2.709928896404702 0
-8.59261779817193 -4.6060679135737645 1
-3.075691175085624 5.774152182153651 0
-0.4545728976114092 3.8660182006714243 0
-2.4006924387209176 5.6588102399855895 0
-9.76023918504885 -2.41708410790213 1
-0.5371246357486557 4.186249286649479 0
-10.521061799792855 -4.273329333465239 1
-9.40344063794888 -4.67591581995046 1
-2.354546332635176 4.6784733657247655 0
-10.819105042653394 -4.040034981954462 1
-9.968674697277596 -2.9755941011644658 1
-10.33704470626034 -5.0809559143251075 1
-0.13020615015210368 4.738958966332317 0
-9.070160948451058 -4.780501891883383 1
-9.713387536497889 -3.1483464003504262 1
-9.500756351497865 -4.6621853443892505 1
-0.4674537164235326 3.070075449504749 0
-4.291322591258384 2.1866177508304943 0
-1.5887973401386815 4.915926300188835 0
-1.6483118579894012 4.977820156610092 0
-3.0581091557916302 2.557766880424439 0
-9.478973811754843 -5.223510988989492 1
-10.323312020051336 -2.369831397140939 1
-10.382997079731794 -4.5400599225183305 1
-9.773203890042739 -2.073873821346509 1
-9.625967874112506 -3.658497737264509 1
-1.8223622183152663 6.624743094114814 0
0.6822279492432437 3.8302909982331568 0
-10.330574528950304 -4.125270781385357 1
-1.1458797525042024 3.233815998745099 0
-11.36534575294266 -4.155069730808795 1
-10.275058393685889 -4.752043821139493 1
-3.5465318029204442 5.756922429717958 0
-0.7422019721481641 5.386405830258458 0
-0.44020992793962166 5.529953684740802 0
-3.196816158208141 4.244274115342106 0
-1.0263722003154858 4.736643399283256 0
-1.1374273523702434 4.655689203149738 0
-10.463462978619807 -3.8085454737591045 1
-0.8616311982924567 2.8663255615320162 0
-0.02293723870001907 6.894706567361311 0
-1.6412800272335146 3.228370203658929 0
-9.582171721341371 -1.849913202015801 1
-2.625322574999218 6.185672889630996 0
-1.3135954408489685 4.099281986715258 0
-9.204569452731937 -4.926690645107972 1
-1.9011796725723502 3.8909247145090955 0
-3.5699811902632117 4.672469469852094 0
-1.9526125135689743 6.110481409094863 0
-13.01336526645473 -4.9223086938896605 1
-1.6935147138006013 4.858806383243058 0
-2.3140038993456122 3.8601107903496317 0
-1.214890834181201 4.4876969406091485 0
-3.032929816795391 5.952505990908159 0
-2.233880414639382 4.131123301558362 0
-11.57387953193454 -3.6347842654482805 1
-10.198650556532884 -2.6298070853988245 1
-0.3807219601071048 2.3687748562600235 0
-8.450459874868631 -4.270853219741616 1
-3.932733853825032 6.413910856486439 0
-1.0728167683541525 2.826354020874674 0
-8.985826771957816 -5.594537433965015 1
0.6089186072537216 6.5054314834351255 0
-1.1857116891063402 2.6382268836815124 0
-9.904638790618167 -4.433875597907826 1
-11.432841689917824 -4.858150260129409 1
-1.756613840417185 4.156720840113487 0
-7.9962872808449825 -4.181584135436956 1
-2.36436834332718 4.393192039978315 0
-1.5101959647958858 4.945670622831137 0
-2.5076683909783366 5.701586023607388 0
-8.10854010216348 -4.200530053301757 1
-9.415996571083568 -4.5195073836421455 1
-10.852627209930603 -4.269884280385614 1
-8.689283307133426 -5.175155393163888 1
-9.343582321214026 -2.9539866729534974 1
-10.684240616218679 -4.681911005636577 1
-1.9948048076342546 4.2083902129927875 0
-4.3002307615745865 5.261846134576665 0
-1.613707463111211 4.1688599142038765 0
-0.16232077707609127 5.937745122433279 0
-2.026108287360913 4.657486809755129 0
-10.956152819454832 -3.9470623253515855 1
-1.6867718095395874 2.3545884623314386 0
-11.052715341990423 -3.1607909763680553 1
-10.475386738406382 -1.8674823897497004 1
-10.511251098393942 -3.345708640506009 1
-1.0995240767002143 4.215699413582566 0
-1.1532753700933867 2.4332385278204844 0
-8.476741851182986 -5.0459158650257185 1
-2.561899788712289 5.487992481838208 0
-1.0395413464381988 5.537735264850863 0
-2.2825708479030595 4.94231284542568 0
-2.353025256246681 3.548803221689962 0
-10.41647143446959 -4.688288583860443 1
-8.521361853379695 -5.1811634931862605 1
0.024980234323638495 4.126674779891766 0
-9.886185994272775 -4.797374104572414 1
-2.696561654287785 5.098879615915626 0
-0.43595769275235163 4.612967428558411 0
-9.086891169752086 -3.2193350327374537 1
-10.427615328663823 -5.336809687481681 1
-8.812915034304817 -5.237866647535574 1
-0.3040168657386062 4.490321460662262 0
-9.264635647436647 -3.146724640406269 1
-1.268480211861505 4.250575575630799 0
-2.4594863310558903 3.3989814548034794 0
-0.7260685814113118 6.322549594762648 0
-2.4211491995696712 6.490121680172539 0
-10.062647694728186 -3.777311667067714 1
-2.002384378930613 2.9966802899968537 0
-9.664986099894678 -4.973490598777694 1
-1.7755292836867016 3.7582597019451827 0
-1.8521301131345447 5.562540081645068 0
-8.857579944944494 -4.50504455346725 1
-9.473298546307353 -2.4950639223860636 1
-10.107158125334477 -1.995292437304565 1
-2.2907745466303724 4.990367054424416 0
-0.09306767700849905 4.438001971323421 0
-1.4615789249043487 4.4556627947404746 0
-9.061822499129754 -3.835289323752054 1
0.042397993954315316 3.5599958105918263 0
-3.289893628284197 5.0138775101122155 0
-10.65150191103153 -4.111541142208502 1
-10.354596575049998 -3.6282085865765676 1
-9.871449849821792 -3.0923276465601033 1
-1.4640376225554357 5.307690169769479 0
-2.4763116739073032 5.578123032163539 0
-1.2871663952328036 3.5706213568730663 0
-1.0355747791455743 4.633142524821798 0
-1.7394134204113008 4.063280486191839 0
-11.612124086929354 -3.1376882988158723 1
-1.368564132793955 5.695794001927209 0
-9.221641296936413 -4.066740813480253 1
-2.194712083592954 4.851451970547392 0
-0.4754209937507785 4.459297769821562 0
-9.307422119235182 -4.564676674892366 1
-0.01453939479756805 4.1568543657905295 0
-1.8010926917090293 5.508169074133358 0
-10.306588911510792 -6.154498616489423 1
-9.577551147369123 -1.1000929920711666 1
-10.428390351627032 -5.350986892360449 1
-2.3118742649002764 5.5096352501537975 0
-1.7794890790864644 4.207234344077259 0
-10.75470732846066 -3.5048696017092364 1
-0.6035888916217425 4.777735445645922 0
-0.9596404909685016 2.7939500496116754 0
-9.48266142873543 -3.4660939347053334 1
-1.8553232407965978 4.033486279671352 0
-10.52416362324047 -5.79443268924881 1
-2.1384833388546394 3.3776051045982705 0
-0.4955123100593606 3.6684234457874845 0
0.28108513041777705 5.374705755390751 0
-1.7750509706203068 4.415466261550987 0
-11.423719037663037 -1.3857016023377464 1
-0.4499530074331357 4.591214155925997 0
-9.501387670739968 -3.318679112824809 1
-8.320193692665102 -3.351012535896542 1
-0.20392992848988456 4.982025932765764 0
-7.3738219031381895 -5.561581832992438 1
-9.26330505372175 -4.725361530392926 1
0.22268381926561265 3.735438543636529 0
-8.756028916002686 -4.404345682268166 1
-7.982361110890885 -3.4316206559239832 1
-2.899675948573207 5.18144623847043 0
-11.111898848213258 -2.967475071878249 1
-10.588683000310464 -5.26742292108027 1
-1.8928903554104253 5.360246543520874 0
-9.69590725766281 -4.753642616723712 1
-9.307587075734201 -4.05911253643867 1
-10.14974527385353 -4.134184785642205 1
-11.867539818740989 -2.2416888055647886 1
-11.901279226866677 -3.4069420167210627 1
-9.512945945724036 -4.286533208586762 1
-9.62694106372948 -4.479374264660038 1
-10.832297702660597 -4.085546750861807 1
-10.410511770140767 -2.865110686248112 1
-0.978484079653319 4.519200327357931 0
-0.37869180796636703 3.2160082316799046 0
-3.2461903442542326 3.4914966999684562 0
-10.471021887225493 -3.8668672502604484 1
-8.327627937243994 -3.3830791398441615 1
0.5095125802812563 2.8617750967189055 0
-10.994098269271337 -2.1118575801345383 1
-2.1197370524203927 4.384698944164817 0
-9.208987070937013 -5.4364303347540766 1
-2.251538077259937 4.5006605965318816 0
-9.386886250235072 -4.558785778315126 1
-9.178870629362365 -2.202181403071368 1
-2.218405627891606 5.580529935396742 0
-10.371336422610332 -0.9142430461549496 1
0.26689360203365164 4.999091867112191 0
-9.624781191959176 -3.4017203289537146 1
-2.6713993200946096 4.7984138911761285 0
-1.4407893384215553 3.6417222791234205 0
-0.9582863665159677 4.374678250432409 0
-9.58723055864263 -5.1773739648211174 1
-2.683717878588219 4.958889723493751 0
-11.329731775401003 -2.962985056050607 1
0.014627957464812935 3.4662762686957462 0
0.4977954016955022 4.462569882481427 0
-10.914876067842172 -3.00349804746498 1
-9.431495989789617 -5.218049855766848 1
-9.506206742266434 -0.963177323968436 1
-10.899476811932415 -4.670782801697625 1
-2.2743577400651183 5.969038513954891 0
-1.4667446529774928 4.3157416513092635 0
-1.3513092143378498 4.027015815281265 0
-10.109042821172944 -3.2171589738267823 1
-10.342850294405222 -3.725834479369338 1
-10.08625116298389 -4.9796192928871434 1
-0.6215529173194907 4.151522126295269 0
-3.850269999677872 4.786381591442761 0
-2.1035597154088337 4.497277495693663 0
-1.6692215274040891 5.106431088519577 0
-2.0407660292829464 2.9028194913868086 0
-9.17800038293143 -4.642775524982761 1
-11.272804535303365 -4.314023574243562 1
-9.660644567580887 -3.543196708128938 1
-8.331275855617259 -3.2536484384311035 1
-11.453075246277816 -4.202723948956513 1
-9.646976376002689 -3.750636631760587 1
-8.950220420461957 -4.264727835691639 1
-11.222499860240905 -4.985224465917957 1
-9.40533200645559 -4.759653070038621 1
-1.1209835945096103 4.09349239198531 0
-2.6689918986380468 2.908123458695953 0
-11.462597823744778 -3.564791022321681 1
-7.746527294635689 -4.469309103901465 1
-1.8547466924518772 4.983382787172348 0
-2.632775442117575 4.2149484421619094 0
-2.5968389131370477 4.237231633324862 0
-2.0979326198193924 4.5448612843865615 0
-1.975205790139299 3.399505621013411 0
-0.8176058224836076 4.455385532188514 0
-1.2780445914455412 3.377783667825933 0
-2.0268306510813803 4.688443395682455 0
-0.6284665653434018 4.866979966836654 0
-1.9344306867079002 3.532140680419135 0
-9.959164558648746 -5.257322483216468 1
-2.412036133215296 3.662402124903417 0
-2.149022505615744 5.860730779674232 0
-1.8976581077265828 2.763756622341405 0
-1.9923061623032832 5.079525028545843 0
-2.797718049677399 2.1382069851413954 0
-3.392817235063825 3.4714065054719607 0
-10.386293434127458 -4.643066127253669 1
-1.6215525700500624 6.537987230655646 0
-2.058053297259093 3.340945993441557 0
-1.3664466796321224 6.129071199826194 0
-10.435364385921334 -3.405115846340119 1
-10.083903886067091 -3.2373738320831995 1
-8.520501248862969 -2.8452459148699223 1
-8.532017971305683 -2.7470743095061385 1
-2.13532010489535 3.628478359106485 0
-0.6558894262158155 4.680962006160392 0
-1.4811971878335692 3.184281499123899 0
-1.8260970143368493 5.136561163844484 0
-8.828062124678254 -4.875092667018497 1
-10.303035273178288 -4.310327515449252 1
-10.09433465835385 -4.636431599682312 1
-1.324568855088566 4.144650974591881 0
-7.971681105350143 -4.217193648181085 1
-0.44004792519040614 4.377584013261784 0
-2.1104151778221834 3.908170508409783 0
-9.97413794121954 -4.867937890367051 1
-10.891054340577343 -3.9313449230832305 1
-2.0517101841065277 3.0193279665044988 0
-8.970468583920134 -4.1864158920593395 1
-9.249582433002292 -2.092552013052838 1
-10.680574050436967 -3.875104392706588 1
-0.808060649504786 5.503154068285784 0
-9.936609046701648 -2.993571883051518 1
-9.858188384011019 -3.8887452968071243 1
-9.592868992819328 -3.4744509272590447 1
-9.373474912067593 -3.378163671298317 1
-0.6941403623093926 4.08132641440246 0
-8.342871219436473 -4.416541024805408 1
-9.824373165683872 -3.708580279178183 1
-7.070982983304907 -3.5269093204107596 1
-9.604407586099406 -2.4294466758146402 1
-11.446259904878096 -3.8687958462272616 1
-1.5957722003590376 4.628170861601264 0
-2.232622782330216 4.19771011280982 0
-3.1556638526856045 3.4578750061656907 0
-8.473406741892124 -4.066758909491818 1
-0.6011951044679122 4.818441525523684 0
-2.686221557558135 4.587044857619132 0
-9.9117697846259 -3.433848186339499 1
-9.296020656643302 -5.117187893836878 1
-0.9084597843885075 4.8675736107229035 0
-0.5059369798490436 5.61736312128662 0
-11.316804626394084 -2.6548778423762096 1
-8.403826333222401 -4.602034031216374 1
-1.2655626822908146 4.3834457668203255 0
-9.865355287050697 -2.719452710541021 1
-11.11074847777878 -4.769931046854551 1
-1.5316475714075108 5.592447972150677 0
-11.84604420945908 -3.4306818557486816 1
-9.151645661149866 -3.8936527040570152 1
-11.937259390079062 -4.147545380057981 1
-10.37210113792557 -5.498724580087917 1
-10.168334564727635 -4.464143467034834 1
-10.319050825227466 -3.464303113817712 1
-2.7861723985957467 4.926406410603494 0
-1.9488150430614812 5.602495829118599 0
-1.524764066284778 6.25492581159725 0
-6.705912796560799 -3.4910197827901177 1
-10.929259430721252 -3.872154937994521 1
-9.615548681814813 -3.2684750471758695 1
-11.674888524830184 -1.618336691209437 1
-10.020825948065964 -3.5981337418005337 1
-10.22247290593281 -4.392699402559175 1
-10.631445429417283 -3.162097458587926 1
-1.0140973163296987 4.040056468381831 0
-8.906459838156403 -2.4225789348066074 1
-11.207706116764864 -5.43472207395242 1
-0.9514439958866072 3.647978368158303 0
0.5851595648629369 3.5816791720769143 0
-1.0622106109206677 6.431730189464985 0
-1.0854931267362722 3.9052391234988675 0
-1.185880820277191 3.6768229225986606 0
-10.763782463019457 -3.852776186077995 1
0.8440654894427513 4.328267582701315 0
-2.1587014248434007 4.907980559751596 0
-9.539721911957194 -2.6844838129726005 1
-1.4179604338159169 5.2066016081707875 0
-1.8684442287466103 4.723547916519614 0
0.5817192309097781 4.37817726009598 0
-9.289457873346729 -4.573526195070135 1
-0.8350716403320969 3.7083787135275874 0
-0.164764755132083 5.355689001546865 0
-2.1290448989738175 5.6922229588889355 0
-9.499479713181582 -2.946319823882713 1
-8.604493186780005 -4.257235513418426 1
-2.3959715535185553 3.8424056937740563 0
-1.9967652850044786 4.441206969859095 0
-9.05883033660132 -2.5601396375620737 1
-2.541548266291379 1.993373694278417 0
-9.61643838734134 -3.9206394129596824 1
-11.469050114222433 -4.4685247661813285 1
-3.7910022285930722 5.044833784236753 0
-1.463670445410821 4.83704409841183 0
-9.24659116358712 -3.210303795524866 1
-0.8716663538813977 4.319764867933402 0
-2.805309990540426 3.633293877151976 0
-10.61046745648069 -5.575060035073528 1
-0.9082462816389653 6.118941435627555 0
-10.724496153721727 -5.157252565507191 1
-10.6009429142496 -3.90062786471233 1
-0.4465350627594613 4.769850502442069 0
-1.2778031256585534 3.4969770541071723 0
-0.6663792123832102 3.4699847308635174 0
-0.8432697404372136 4.281780138134918 0
-9.793683657050039 -4.002948004788961 1
-8.831679229958816 -3.1644264954134393 1
-10.074733599039586 -4.67702333680165 1
-2.693734836822851 4.666316431237216 0
-9.482413053076428 -3.4350168483625176 1
-8.573891744171101 -4.0543146891952375 1
-10.14101095556497 -3.391959275569121 1
-0.08888090176982 5.115716368507584 0
-9.432534443354749 -3.560088207431513 1
-9.68676748758519 -4.696159435034892 1
-8.745803856461272 -2.7778194004253294 1
-8.357906428847576 -1.8274493487538792 1
-1.4641816629794984 4.208967193740646 0
-0.5209204143439956 4.290888062608567 0
-2.0502278210089773 4.495002129298967 0
-1.2467951988518369 2.491374023586708 0
-9.34001965528678 -2.306611749111438 1
-9.247807252838857 -4.605447521695475 1
-9.831477528694537 -3.9400085366943585 1
-0.7786273213802893 5.384147054211897 0
-3.4174655039483985 5.272771184504097 0
-0.9354874481847708 4.146302487430252 0
-2.394978336115837 4.1929256974303755 0
-2.858866021905661 5.126177138913022 0
-9.939936535141843 -5.46613474064467 1
-10.905446605876477 -3.714974957248065 1
-9.979643896671611 -3.769162287132966 1
-2.6580146195518277 3.6669220207435296 0
-2.8318534247275013 4.491463324865104 0
-0.43413098164855723 4.364837733748155 0
-9.867610854975892 -3.0524658404641998 1
-1.1230752427318258 6.202684799447853 0
-9.61202989510946 -5.578363435908533 1
-0.5022113367339103 3.115436902619411 0
-0.9943755916309965 2.629572192550257 0
-10.126245042559209 -5.101996135494925 1
-8.943463170686847 -3.5989119763255646 1
-11.318734219164586 -3.7325424708403747 1
-1.3097896279534456 2.2723230905804948 0
-1.8679852413192541 4.321852524800606 0
-2.2850111809043243 4.081912484269206 0
-1.557983583621946 5.529465919928641 0
-11.019502694880757 -2.8195451170990227 1
-10.03363384375034 -4.248922833941423 1
-1.4400970118749816 2.553861384180908 0
-1.510837341399424 1.764370814829125 0
-8.831788062249764 -3.6130966921607675 1
-1.192208360086719 4.509507727376253 0
-3.797257462705859 3.7125359689800845 0
-2.9861098940682895 3.0160281908038273 0
-2.7553506081637815 6.902706188521028 0
-10.847446784891632 -4.087607005169194 1
-10.338488755818917 -2.9580906588664417 1
-3.1124224375948337 3.496186889489407 0
-1.5949492354924124 6.079859706340932 0
-9.277046598969394 -3.4505266788715248 1
-9.944743122045224 -3.9486954521244884 1
-2.4444624879571 3.790475407160833 0
-2.7487135337712534 3.4357215966883112 0
-1.3972778083021757 3.191097189232373 0
-10.716689194610392 -3.9089159291601074 1
0.058360972319430715 4.85490133287605 0
-1.1171798166040299 4.13622512251099 0
-1.671880831043905 3.6604641604428587 0
-4.590576145766444 6.512329523525542 0
-3.9282193104631706 4.833478300659126 0
-9.615673219989064 -4.393387906217178 1
-3.116099451907348 4.318926932294619 0
-11.93600888340497 -3.0121212578965784 1
-11.302128040903302 -3.410212620844778 1
-1.696696227071166 6.622625175123907 0
-9.893113554547286 -5.541305453990844 1
-11.590816324597618 -3.6880856269828577 1
-0.3157697257363452 3.9321461301683187 0
-9.874607162435503 -4.447135488807413 1
0.8831088631859929 3.6987716962763573 0
-10.859401081081746 -2.8046560964968945 1
-9.755539975857198 -4.850658504473919 1
-8.602354567793446 -5.145159659073701 1
-9.653543623868062 -4.361005336867253 1
-10.7353800721139 -4.6546839896561245 1
-11.00965461725916 -2.4344934728552334 1
-2.3264016960530762 3.4674006928438246 0
-3.276642930857072 4.8481129301125305 0
-10.488983026856127 -4.06147791884363 1
-2.0403025979046414 2.8470755949514346 0
-3.3788819786072786 8.563022708083023 0
-0.4799771358254874 4.727020261099373 0
-9.772191422414549 -2.292269741481368 1
-1.3274771604886073 3.7571265853086206 0
-1.8842470765881243 5.6097135906841995 0
-8.889050471360898 -5.127584376086734 1
-1.7701718540814388 5.0681953230623185 0
-9.898576326044587 -5.482873356092673 1
-1.6919012836128933 6.064349469031797 0
-9.776062070804823 -2.4346350556913197 1
-2.577436012863533 3.849011306325838 0
-1.3648615749697486 4.32972152990852 0
-1.6071412934772702 4.6369412373073695 0
-10.442859742455234 -3.11699120877746 1
-8.268610255273364 -3.7996314077966806 1
-1.5808378110599848 5.952091564139416 0
-0.2880435375562984 3.7716567512205668 0
-2.3005463115630578 3.2975091256170623 0
-11.090723493343079 -6.087124237289863 1
-0.2932738263329 4.078478147892153 0
-0.05384964937701331 5.12729664098139 0
-9.502788738071706 -3.7356885806150864 1
-1.305477920724638 5.464958573572713 0
-9.93305956091241 -4.558631570965387 1
-0.2013415397597378 3.712078413532492 0
-2.2607918141246848 2.6742520496277558 0
-8.964143194339982 -2.8344783957735564 1
-9.372763776322273 -3.6663480662621644 1
-10.694652108991457 -3.449624782228529 1
-1.512444530578529 2.91638365284145 0
-1.4915209830282976 5.326467236015198 0
-9.287503333410061 -3.679853240081063 1
-11.46773653489471 -5.319467930058564 1
-1.370112627040944 2.5550775778023684 0
-3.155110264888571 5.765381297765295 0
-3.190812642280682 5.405440771947105 0
-11.970872540626646 -3.349116759506116 1
-3.775832815391372 4.788788827787586 0
-10.576131935736873 -4.286688026484156 1
-2.511750417050002 3.805910891754733 0
-9.39078631273117 -4.252215457756722 1
-9.690930168196179 -3.4480299655095923 1
-8.670664746536946 -3.9075547991399655 1
-0.9680961908107343 5.455336600286106 0
-10.005678942632649 -3.603816928672814 1
-12.383479585690045 -7.013572410588161 1
-8.515311366955375 -2.8991523238743966 1
-9.938551589450057 -5.521286573907949 1
-10.422444143950269 -3.955776211890451 1
-11.258246222783592 -3.3417019628821785 1
-2.5832761976413554 6.667385011569261 0
-0.6573394560734476 4.507023978508803 0
-10.553871640918995 -4.180333012850678 1
-8.408179717697148 -5.376383584875721 1
-10.164355821382657 -3.01757508256934 1
-10.363903724879938 -4.064248199404279 1
-10.855102042088829 -6.257985826751295 1
-10.245614765670222 -5.264156339561632 1
-1.0167157566640639 5.188618632105846 0
-9.800995803639507 -5.249420406166585 1
-1.0959568184493533 5.746867133132964 0
-2.4214368810396687 3.4953327573383914 0
-11.644070816483534 -4.112893311380408 1
-1.574971516816327 5.369780623565514 0
-3.4964355987642026 5.7987086865060675 0
-3.270994969171244 3.512664559882107 0
-11.25593247821439 -3.5305605964377045 1
-2.0994446985105486 3.903345707959385 0
-8.020531490514097 -3.129163938953183 1
-0.28738779089269895 4.739040609958769 0
-1.1312158518414273 5.7643770455020364 0
-10.107517505243093 -3.222658015157229 1
-8.69187816515487 -3.060563897908473 1
-8.379211522926587 -4.209532284606862 1
-0.42555266360506283 5.582383822577107 0
-2.111774564376166 3.778622899217911 0
-0.5675195286873154 5.008418589794453 0
-9.821061088662812 -2.3957119690174746 1
-10.023575099065683 -2.3885442588642496 1
-10.07652441113951 -3.962780402024201 1
-0.8977318619658496 4.06607543838369 0
-8.686832356516543 -4.087204238831231 1
-11.306807813084173 -2.0779825204891704 1
-1.3222306957404963 3.6450141968105267 0
-1.423110999933886 4.968943987681471 0
-0.27384769837799783 5.3661382244662335 0
-9.68261987061433 -1.7604477140965828 1
-2.0544499741640525 4.474378346881316 0
-11.935225982889973 -3.0518144152143716 1
-8.946775077241234 -3.7981577779266287 1
-8.716478901462583 -4.1471783715841095 1
-11.108202237223479 -3.1480526567321943 1
-2.8125472086406025 5.203058785015682 0
-10.679785729220157 -4.571882706210685 1
-0.8539015981367317 2.851802518598881 0
-7.03767105436939 -3.3653344478119056 1
-9.83373128490038 -5.632969596266388 1
-2.058233309171279 4.016906775053614 0
-1.914734824226751 3.8591076165304368 0
-8.825598403813217 -3.244346124084765 1
-1.7706638388989613 4.449398524697987 0
-1.700697074968491 4.166297989061938 0
-8.253936812324609 -3.041200526880131 1
-9.326727260582093 -4.427582358412072 1
-10.4971450847732 -4.550971330896022 1
-10.912125812925545 -4.463496442764196 1
-9.849870820294392 -6.071775642466128 1
-2.278461060762182 4.868736098442397 0
-8.170003686415807 -3.3794509895698077 1
-1.3114568389227763 3.3126310727208086 0
-3.5368684417082212 4.7864295504747085 0
-1.4323039283817895 3.5418737694401345 0
-9.670243861761886 -4.5309999879417955 1
-9.894924450735385 -4.597417399294752 1
-1.7077199263217755 4.176819736927067 0
-8.891562752878379 -5.266560513577523 1
-10.218007099489641 -3.411425818673226 1
-9.173396901596886 -5.047188992493046 1
-2.2141402458251482 3.2798728155791825 0
-11.257078093486482 -4.791789630146033 1
-11.367235392821698 -4.581623878259734 1
-10.911684527730463 -5.04380943830573 1
-2.2900894615040155 3.7254223128615056 0
-0.9622763810447778 3.0295992677331935 0
-1.053066953388221 4.700730482344612 0
-1.3445060840517147 3.8148433127410004 0
-1.325003975862517 4.119443873527762 0
-2.048560603033879 3.3049838342873477 0
-0.24287084377267365 3.06762031093949 0
-0.7210865952984264 5.403221359388212 0
-9.92902507871687 -4.192046463400191 1
-9.477818046525396 -4.684503990355289 1
-0.8612955715739457 3.5695727749489925 0
-11.619236704350836 -3.8380509144282735 1
-2.4805671727696605 3.9471054368731515 0
-0.5917144359923212 4.525255979810892 0
-1.7482933347233809 4.0942598919309825 0
-10.38531804726744 -3.7636585734081103 1
-3.18074979330367 4.363044149871584 0
-11.323176731535069 -4.96231493362744 1
-2.1939807976625243 4.2316796162129044 0
-0.9647947756592379 5.44215965806583 0
-10.073963598181225 -2.739202946770474 1
-10.123511992720383 -4.921686471724738 1
-2.7830776552840852 5.051139011126975 0
-9.274294229677317 -4.629786182959556 1
-3.9980281693910347 2.622189583884751 0
0.0714638749551193 4.860919578459427 0
-1.2017743998372892 3.6846281061299786 0
-2.0765418729474687 5.336884285060503 0
-9.920625361465998 -3.516521075713678 1
-11.987917995159192 -4.001950958526746 1
-0.5744365625210703 4.25290293050124 0
-8.615226858441956 -4.443083116743837 1
-1.1631272520795424 5.513407256260717 0
-0.2108138047619914 5.039063315144752 0
-8.874299924801846 -4.511192327127753 1
-10.09397146326886 -4.025719817834825 1
-9.60042982746411 -4.103493636909466 1
-2.9808273190956522 3.741008212461641 0
-1.840609523876477 3.484738530025721 0
-8.894438964684582 -2.669618248927681 1
0.49763859413605394 3.785345306063099 0
-9.824061508691262 -2.6466665322328287 1
-3.787076642574072 4.407597377282079 0
-9.729994054419112 -2.9110022199650256 1
-9.871075057722068 -4.136483889269698 1
-0.600954514492744 1.2396562843733978 0
-12.36134287977884 -0.9150763679427869 1
-0.26252848499392 4.395895612068807 0
-8.846895208255653 -4.264512781414999 1
-0.4097205108358051 4.866303907632994 0
-2.7855086216506475 2.8240604985996045 0
-1.3589122483558524 3.8207642167170146 0
-9.069357318781968 -3.4669704633427836 1
-10.323804346204163 -6.287914328388817 1
-9.145263209522392 -4.9643397655021 1
-9.57973712637831 -4.788559428842291 1
-2.7507013440851678 5.176164262148194 0
-10.214876762473251 -5.118203661215736 1
-2.270861965981169 4.74964349691817 0
-9.629932343253246 -3.759363564223159 1
-8.659336761032328 -4.217925354060387 1
-1.8554678491355592 4.346824163913022 0
-9.674848840870332 -4.0478049015105295 1
-2.0964392273167114 5.06972982488358 0
-1.6977574819008188 6.402308154553179 0
-1.869098659844547 3.719156541891935 0
-2.251363067042116 4.19188581375924 0
-2.15607924292955 2.929072552820763 0
-0.8203569912562235 5.804599018601036 0
-9.566755418843742 -5.1345673003308 1
-8.535045962402437 -4.768998408890784 1
-1.733476840551931 3.7686525618137616 0
-10.767160312733509 -4.491455304153217 1
-1.1194277673538813 4.388376460320458 0
-9.686267681362242 -2.004579073924839 1
0.30635851944057335 5.212698904283568 0
-4.193738057180997 2.540045174246875 0
-0.8696765539732332 5.095305809332623 0
-3.763698762164871 4.270219073075268 0
-9.849245638842211 -4.232783130240634 1
-1.546127547770557 4.437378368762466 0
-3.039470990101683 4.152597910254145 0
-9.346710234912607 -3.3340519104962 1
-2.223100595066154 3.741446467928624 0
-9.72414185632478 -5.40816461785907 1
-9.34949482747461 -2.305701903007522 1
-9.568661746091953 -1.0374429045619498 1
-1.6782683324551555 3.776344129645768 0
-9.026618324424003 -4.337802804677852 1
-10.131853177002501 -4.721379614648721 1
0.5546259455500384 6.100729497490063 0
-0.932356841032196 3.903883894606717 0
-3.1652921713482085 5.064741490111972 0
-1.2749112906814584 3.30967101783998 0
-9.290376475424278 -2.3070584848720292 1
-10.162599754842915 -3.253826845424139 1
-9.723989598697377 -3.4280130519022007 1
-2.603177258933098 4.742129657884985 0
-1.7885946427431 3.4239319628711393 0
-0.8274970989566188 3.076027203315849 0
-10.481743995382176 -2.7265934726952734 1
-9.40427905910149 -2.9054724477181404 1
-1.6443890701798438 2.8529308324962437 0
-12.6738650598692 -2.4115910521605013 1
-9.629417967155119 -5.35719602399831 1
-1.533393005842809 5.0545531340359515 0
-10.648452558665921 -4.1269165268946395 1
-0.8434906710817374 3.577892021686291 0
-2.7325401478218945 5.240744520424298 0
0.49417220905179704 5.021434969024163 0
0.12673680766171058 4.561472426629309 0
-1.975584867601625 5.254318581698695 0
-9.059347992391473 -4.277875063708224 1
-1.3368622855491084 4.477923505244995 0
-10.19640263659902 -4.208381352543839 1
-8.97653923502388 -3.3959636003439604 1
-10.608063373480645 -2.6978047292856884 1
0.0526013757974686 4.587946757152003 0
0.6352942709113001 2.940168716580617 0
-4.0507228024419035 4.333384102415276 0
-0.7881708096458523 5.275670868550005 0
-9.879176792624602 -4.888842412387872 1
-1.7774739435052265 5.250818862414659 0
-3.653312568233779 3.233523641782093 0
-10.387261427771527 -3.297342321174499 1
-10.830471145242534 -3.971776329834551 1
-8.873450631903992 -5.398832695196899 1
-10.639649624220457 -4.380642204368028 1
-10.878784196824581 -2.6094991208457285 1
-2.142499878331241 5.083061218175 0
0.6406748094697008 2.4153108998075146 0
-10.139939545250076 -5.506124185862117 1
-3.2627905898534184 5.699861165592731 0
0.004335235618286859 5.598748036078986 0
-9.672352858848958 -4.279305078913937 1
-9.735557938035896 -4.649662170223839 1
-8.274610844994168 -5.422219783348931 1
-10.3122088541897 -3.047091857111234 1
-9.010482653278684 -5.435206687544041 1
-11.045019833394296 -2.6547772050447453 1
-9.822174432991563 -4.00815841071021 1
-10.096745208633346 -4.948358002000468 1
-11.044783298927177 -3.396379262976658 1
-2.1752413006288784 4.5475816406849034 0
-1.8030299106406367 2.9744284429917043 0
-3.1350804489590196 5.18564927754499 0
-11.197151958563373 -3.640739763343079 1
-9.98582859617188 -2.177788028129028 1
-9.531523809797127 -2.873247603027428 1
-11.063362051562487 -3.4553293837403096 1
-2.918791339900465 5.313002452264384 0
-2.9918618130810093 6.253187186431187 0
0.02673329169523253 4.156638781660407 0
-8.119181985651037 -5.352541070070217 1
-10.509211862720152 -3.880238584305384 1
-9.278652073969045 -2.717021433778384 1
-8.535727658343975 -4.930177825375708 1
-8.848244159228146 -3.1026725644635977 1
-0.48945778032973797 3.7906397330804893 0
-11.040128655396849 -4.98951039788209 1
-10.198455272443866 -3.804575052466996 1
-8.948557900637004 -2.89676963696063 1
-8.68850123573936 -2.0577710940624567 1
-1.707026699144354 4.766478494968208 0
-8.962330637143502 -3.7988922624403636 1
-7.863477014783552 -3.6723273366530944 1
-9.6642095083228 -4.646869533941625 1
-1.8495262231305776 3.772373209660241 0
-0.46447849820338805 4.716701516734733 0
-9.31647807566842 -4.077909004489323 1
-9.484503982819353 -3.5431659304381755 1
-9.579953186221882 -4.272071082933973 1
-1.9898519609616712 2.9942293475613675 0
-0.44259873514241543 3.1928995837812497 0
-0.6877836305110145 3.926652618369947 0
-10.54419748552061 -3.6670756656566117 1
-2.129406842314638 4.604501926839753 0
-2.020606265298149 4.4522665685191205 0
-2.1057922608019 5.930752722576992 0
-1.5598139903759003 4.491278406897332 0
-2.043688392629639 5.209217093999767 0
-1.8601405359181076 3.5810625350909855 0
-2.5785612624506817 4.743349579242826 0
-0.8031795282520976 4.110383671311653 0
-8.7077819761744 -5.6774698915958455 1
-13.413398450378551 -4.090685886548597 1
-1.7663544753977256 2.517225782814206 0
-0.5214103288388232 4.392739686930729 0
-0.657868064219254 3.605190137706351 0
-8.974771390445406 -4.152628013037374 1
-9.9582407716504 -4.424813445974559 1
-1.7218962036244436 5.927928743209309 0
-8.582732945042725 -1.8350886481324054 1
-10.28306974316412 -2.882720224846545 1
-9.42214670916208 -5.124396337687243 1
-1.3570778305931115 5.979503461599047 0
-1.3856912648997852 4.678951960737904 0
-1.2872277512300503 4.18349791907801 0
-3.5228856935845947 4.078648724396459 0
-2.9779404708903807 5.505484323048851 0
-10.612104547410226 -3.0793791411536917 1
-1.413050060845067 5.957144157900655 0
-0.47134904912452114 6.002297526086471 0
-1.8175894478814938 5.367764100308863 0
-10.694329726376905 -4.61358794515677 1
-10.000959353508536 -5.106114892056091 1
0.2681031168684056 4.603142997689801 0
-10.0872740771736 -3.920323590784472 1
-2.5933573656217606 4.533807570231919 0
-11.535508414290907 -1.7667312980929792 1
-9.10464340458808 -4.826461225488296 1
-1.872388509041355 4.5594242769939735 0
-1.4768027164787045 4.593332704702853 0
-0.7326208865366661 5.981411290520352 0
-2.57568746835602 3.258009901080949 0
-10.890177715119052 -3.969088497458231 1
-2.2816442553594527 1.9863365341845163 0
-10.645851118700033 -3.796659796221646 1
-2.5623782810094005 3.946686247276899 0
-3.130184074950603 6.033579164714988 0
-2.442486158102265 4.456943110842949 0
-2.80357166130507 4.97258500201725 0
-2.5493850706907173 5.230639748599903 0
-11.569380585263099 -3.112095421759497 1
-2.4516777439950053 5.722001431838114 0
-1.1036213153781749 4.551076139340417 0
-9.74584742974355 -4.626332875404843 1
-10.170956851632525 -4.485642519311848 1
-8.181907591984917 -3.262158588151773 1
-9.228999335422914 -3.716046269775772 1
-1.6615459629284235 2.940038423017958 0
-2.0349498306684835 4.95527780164619 0
-2.385803695260094 3.989898665644385 0
-1.2573816927034533 5.394881732620178 0
-0.7636136108335997 4.259792551880035 0
-1.9078187053521556 5.170694043842793 0
-0.8674786826332085 3.798798238847127 0
-3.580240521385911 4.652648426909432 0
-0.2522744001027488 2.6881921573506373 0
-9.52719584659341 -4.840693630884701 1
-11.199286030651223 -3.4444610938054945 1
-9.489401073229665 -5.563884244263657 1
-11.117853434848753 -3.3980376506220824 1
-9.51228314897964 -1.451444121824847 1
-2.567631344487386 5.045676405301949 0
-0.6239079587362153 4.630700465245376 0
-1.8685079989424302 6.366284812752893 0
-10.569347981568917 -4.019573140499985 1
-10.880061165849556 -2.618747901598787 1
0.4811560906089687 3.9903819124083864 0
-2.9152144917892255 7.037769168427769 0
-9.211670731624244 -5.040515724445703 1
-2.018285319812165 3.8058626872694123 0
0.04947338485783215 4.7614021502463615 0
-10.829592125385377 -5.095331471984839 1
-2.8302757853537965 3.0394328915264 0
-0.09167596526176292 3.4314133796948414 0
-9.740462029054363 -2.850478574879224 1
-10.169599897764943 -2.8940950503805527 1
-9.484208904957676 -4.864226885431078 1
-1.927155500554603 4.258533578833496 0
-10.196838345521257 -3.0485946377485043 1
-10.70083513916747 -1.9530611801467703 1
-1.8453432910351601 2.0307437761802776 0
-0.32330540808930075 3.357995133314496 0
-9.89499118158636 -2.7927464979514838 1
-12.62155149209938 -4.511313865871241 1
0.6213241356640111 3.5395532833661028 0
-9.963851768920428 -3.6001619798092417 1
-0.01901939998090807 3.4921482386046976 0
-11.031908856513406 -2.1721350008085265 1
-9.971185453138126 -4.099079716854307 1
-1.4866615868068527 5.223572756897706 0
-1.8278099275276931 5.164883998659613 0
-1.5671220050173955 3.627641625765495 0
-8.994010315448655 -2.1346951479469576 1
-10.602668367738342 -2.780068539917057 1
1.0341655138040995 3.9191692179125455 0
-10.80556530930372 -4.220374798870736 1
0.8500933545016678 4.664183860491737 0
-9.963316284542591 -4.8499236751711 1
-10.182284926399356 -4.539499014940826 1
-1.0226840855145598 3.6323357596952333 0
0.6595348055316448 4.065941462445485 0
-9.919749287444544 -5.059236869544517 1
-3.0314206824347387 4.486689373010734 0
-9.262577145645455 -4.236886122081337 1
-9.75302306269206 -4.752011889611628 1
-1.8114101918149266 4.989418341038214 0
-9.738516569013147 -3.5948900479340615 1
-9.25052024214882 -5.546357373915542 1
-8.781548539929158 -2.3772404259651436 1
-1.6030883813000856 3.923928944012175 0
-9.021517838732183 -5.376298495834651 1
-10.08372095877231 -5.175607940189156 1
-9.244344211890253 -3.928913437714338 1
-3.7000494819002903 4.776608951430961 0
-11.129874822213809 -4.414065516167518 1
-2.4760801811932636 5.2299766943056 0
-0.10932521346158874 2.197822447951243 0
-2.1196701866541217 4.601302270858045 0
-2.381091241074099 3.519023945269506 0
-10.690543844888701 -5.343467286182745 1
-2.6287917608870655 4.269784900231402 0
0.36044629132095185 3.7702094822776338 0
-9.666910867172541 -2.2853582654542874 1
-0.965488603969892 6.288255988267506 0
-11.196086241602595 -4.284731917235019 1
-9.12133430321471 -6.230985906183173 1
-2.2190334651251002 4.086183175197714 0
-1.7104474587935332 3.1030258959180204 0
-9.86873352248962 -5.720153234187146 1
-9.384212447291443 -2.075326262837708 1
-12.85364749915799 -2.1673908052977797 1
-10.193277569444872 -5.794425806059145 1
-10.017094170260549 -4.087593509516849 1
-10.838262535950568 -6.317508008528696 1
-10.542088303900929 -2.8468760755788445 1
0.06134977736313885 3.014724039863426 0
-10.261842165164365 -4.105551424204824 1
-1.1444708099483987 2.941442692524568 0
-2.5291148745962073 4.2902250341000085 0
-9.200694990387612 -6.381580613153885 1
-11.159310828136142 -6.048502550643555 1
-0.19242298451305628 4.096597776559425 0
-2.515884624713503 3.6400669259411402 0
-11.387734742412107 -4.337751850904441 1
-10.611208610421388 -3.8450256607742217 1
-1.4203416453448754 5.376534603248935 0
-11.470033041475043 -3.610646861705851 1
-2.7610810383755666 4.738981708757649 0
-2.573068540298914 4.794139861867379 0
-1.3627504080876782 3.5390875654034755 0
-10.059507885800471 -4.7658553490699775 1
-2.311827611679148 4.074438574829331 0
-7.602228927930257 -3.961964551939592 1
-9.612358071058617 -2.203281952044719 1
-0.4110986110372099 1.972139967271385 0
-2.29173405942154 4.140188459769485 0
-9.999216144367693 -3.8343955857566394 1
-3.758262047330521 4.63016688155776 0
-9.308040097667384 -4.601846662125357 1
-1.5778477216401783 5.055789143941612 0
-10.13732657460625 -2.5652340736396093 1
-9.393917939179962 -3.4485755891885734 1
-8.754648858314237 -2.3093213046997194 1
-12.190476897421696 -2.73704766261484 1
-3.553700712530217 4.689673657993421 0
-8.497890705811436 -3.4783910212912486 1
-0.5989263697470588 5.372508698753313 0
-1.0698399045989437 5.996977770449525 0
-1.0492597206415653 3.156306073604241 0
-9.122693790579797 -3.8599803144784426 1
-11.083675835088492 -3.02985144044905 1
-9.835251354854748 -3.3946694659065013 1
-11.539447096595177 -2.9131857273756863 1
-1.8481528153324454 4.933301233655586 0
-11.609802227192846 -4.30093096020679 1
-8.062602622685569 -5.017270693370788 1
-1.0773794901303528 4.965886717878138 0
-9.961159833081247 -5.2203930118070945 1
-9.845977111799968 -4.558107556185946 1
-0.4447492840373768 4.225008528352915 0
-10.099603777326504 -5.607954144170364 1
-10.64300867328872 -3.3715955862695806 1
-1.94919827163772 5.696893233776394 0
-0.23411510408740677 4.311812085899257 0
-8.809884389312852 -2.8508449371868316 1
-3.2888004270999285 5.9008259144852175 0
-11.191472016826046 -1.7604426525866614 1
-1.9780785764644409 2.9005654660045987 0
-2.7857114730390258 4.711033301416442 0
-0.005318601947519541 5.6734281617805085 0
-9.445238971863873 -4.426145828458306 1
-0.04531110783097203 6.061062486998434 0
-2.0346068078316866 3.8590446641647214 0
-11.08268762447785 -4.149798004651771 1
-9.61139368057007 -3.332027652748303 1
-10.700052778260037 -3.089936623528363 1
-1.334776213633625 7.469664069859926 0
-1.5541485974289946 4.743881993978879 0
-9.667466605399913 -2.261922996111389 1
-8.853635529144277 -4.101073518501595 1
-9.391810536329436 -5.500188134824344 1
-0.373146264211627 3.3002664914578306 0
-2.1052773360479935 3.6383823380263114 0
-9.473873269142807 -2.472844497296221 1
-10.040015538787738 -3.917986525696618 1
-9.943748224439439 -3.505510538777294 1
-0.21068600982402552 4.241805127802655 0
-0.9600039166981179 3.578743086894549 0
-8.231110481693012 -3.7410520180965614 1
-2.4657538392743077 4.023724916651192 0
-9.88732150804028 -4.186279981309438 1
-10.615005511279566 -3.737375054609502 1
-10.23122883310893 -2.4461746556951836 1
-12.41962414232615 -2.911607573172936 1
-9.663794799656166 -2.640730709833554 1
-11.684785177158663 -3.473178541907334 1
-9.931200009509062 -4.780272419503891 1
-2.140777045853512 2.776148700332823 0
-1.430577483273042 4.072783524212641 0
-9.528704423239459 -2.2221633625356576 1
-11.150097796432076 -3.0000303561047375 1
0.17249244647878448 3.6072226229033033 0
-9.48986453361992 -5.342249088117278 1
-2.900993938783635 3.707447624734079 0
-10.466480164274195 -3.7303928489275715 1
-2.327198939461414 4.6705369855379235 0
-2.8327357720155613 4.652626351551108 0
-9.3670463421663 -2.342039863427327 1
-10.173921505052176 -3.3365265183652815 1
-10.87808530881723 -5.324473148466648 1
-2.007407234377779 4.812355971232908 0
-0.7780489720229943 3.718092347339498 0
-10.310863085519035 -3.5395714230358912 1
-10.258447447136636 -4.980087881883274 1
-9.344067013774358 -4.766483354129913 1
-2.1300773023467108 3.7651551158523278 0
-9.140923892150328 -4.114678238551702 1
-1.340790658926304 3.565663477298056 0
-1.0436104614176327 5.640427490778384 0
-2.261588671668504 4.283379807857124 0
-9.125167467404626 -3.4376648956047946 1
-0.6896161384313562 1.829903341995331 0
-11.270433234202514 -4.372039511936994 1
-9.352431124303063 -6.669604011714552 1
0.2415017538832096 3.035476600157537 0
-8.52066146910033 -4.588512770615425 1
-1.1426065222150381 3.691777820783831 0
-1.6373294859309633 4.8565815454587415 0
-0.04339254581070362 3.200350427724368 0
-9.407043630951954 -2.1906501278944708 1
-1.5586400564920229 4.566144826823262 0
-1.0203370640950054 2.4310084583187987 0
-1.645539595783984 3.677061593791574 0
-2.317497722775424 5.217215530155896 0
-11.13733362126591 -4.243296598844107 1
-9.708991305740573 -3.188460710464538 1
-10.944864848096907 -3.0985137388695376 1
-10.615790907076374 -3.9453397267396997 1
-9.677432280602074 -2.707630896583259 1
-10.902534014531557 -3.4565560949043452 1
-10.609330747602936 -3.885265237337921 1
-10.746571533060544 -3.8069683960512637 1
-9.631121853537197 -3.478675866383877 1
-10.52424145726121 -4.078248640261962 1
-8.8472406092268 -4.1780795571760745 1
-10.68596821932479 -3.0257342597068964 1
-9.295720937840349 -4.255302955192737 1
-0.9440879003082333 5.177202269258014 0
-9.69513215332003 -3.1278569494199218 1
-9.70136709354823 -3.155816920507049 1
-10.75999156177318 -2.924952312105259 1
-2.804415155026075 6.191687422820964 0
-9.011581198168258 -6.105841437295574 1
-10.8739357558817 -5.2195088047804425 1
-10.921760249256298 -4.639694110338507 1
-10.57265426018284 -4.028990145371319 1
-1.21540653588608 4.265528875981327 0
-1.5054563793922857 5.0068849916514 0
-1.6706123901405852 3.998836916504495 0
-9.498164105139951 -3.5607080059232645 1
-1.6152354718971471 5.018445843244775 0
-4.592299156102387 6.440895123140045 0
-9.927121127757783 -5.083334271132264 1
0.17622015851393247 4.906587875335495 0
-2.67492289550714 5.685091937512282 0
-2.834631074436234 6.460372717731985 0
-2.0254546030737823 4.971080210656093 0
-12.808395948817967 -4.202931934215621 1
-11.003835960213998 -4.880521364248406 1
-10.838301172710306 -3.784258087710905 1
-1.2417854598225757 3.3606784353003416 0
0.23420852461230268 3.9313386468949347 0
-3.275292813980395 3.9361999248912367 0
-8.931196296234793 -5.557899659973843 1
-8.85519644881764 -5.990100548108221 1
-0.8259329763485652 5.044224329091739 0
-10.093225476305157 -5.95120118947472 1
-9.699793542355007 -1.4694670072781082 1
-1.0050296205415852 3.9497853517401724 0
-7.1184495313867195 -4.489077408109164 1
1.5228400620421128 5.272303725128292 0
-1.1261763525023714 4.066255923372155 0
-8.77518842417328 -4.449592329927649 1
-0.42363617471726345 6.128550104874687 0
-3.12831336554832 4.492346078589059 0
-9.829348374547981 -4.144453370680414 1
-1.9980979701627024 4.003232796441325 0
-9.376940228360311 -1.884541359785894 1
-10.202389588096876 -6.733413210339854 1
-11.482349652795747 -4.990066971646332 1
-2.082150911746617 2.8557459385984068 0
-11.503303018140251 -5.1494983771426135 1
-1.3605743895570086 4.682080686579593 0
0.5287690841269259 4.806270494818544 0
-9.93500421944501 -4.008183734928032 1
-3.9091499714797564 3.5348125616193182 0
-2.0536091035431396 3.7358229410162282 0
-10.210209167547632 -4.365532864803489 1
-2.8176779323191097 5.203958141488011 0
-2.7457460362084656 4.050162109732827 0
-1.5027214499278878 5.017681625700671 0
-10.723586468954789 -3.6874995218399764 1
-1.920281030794789 5.8791164714430835 0
-9.841448109076186 -4.532257298415497 1
